     0.00000     1        4.0000        4.0000        4.0000        4.0000        4.0000        4.0000        4.0000        4.0000        4.0000        4.0000        4.0000        4.0000        4.0000        4.0000        4.0000        4.0000        4.0000        4.0000        4.0000        4.0000        4.0000
    60.00000     1        5.7891        5.6936        5.5986        5.5040        5.4099        5.3162        5.2231        5.1305        5.0385        4.9472        4.8566        4.7668        4.6777        4.5895        4.5021        4.4157        4.3303        4.2460        4.1628        4.0808        4.0000
   120.00000     1        5.7871        5.6918        5.5973        5.5033        5.4096        5.3162        5.2231        5.1306        5.0386        4.9472        4.8566        4.7667        4.6777        4.5895        4.5021        4.4157        4.3303        4.2460        4.1628        4.0808        4.0000
   180.00000     1        5.8778        5.7449        5.6235        5.5130        5.4108        5.3141        5.2206        5.1286        5.0375        4.9468        4.8565        4.7668        4.6778        4.5895        4.5022        4.4157        4.3303        4.2460        4.1628        4.0808        4.0000
   240.00000     1        5.8940        5.8009        5.6971        5.5852        5.4697        5.3554        5.2454        5.1410        5.0418        4.9469        4.8550        4.7651        4.6764        4.5887        4.5018        4.4156        4.3304        4.2461        4.1628        4.0808        4.0000
   300.00000     1        5.8709        5.7818        5.6918        5.5993        5.5027        5.4014        5.2961        5.1887        5.0812        4.9758        4.8737        4.7755        4.6811        4.5899        4.5013        4.4146        4.3294        4.2454        4.1625        4.0807        4.0000
   360.00000     1        5.8536        5.7635        5.6739        5.5846        5.4950        5.4040        5.3109        5.2149        5.1162        5.0150        4.9126        4.8102        4.7093        4.6107        4.5152        4.4230        4.3337        4.2472        4.1630        4.0807        4.0000
   420.00000     1        5.8393        5.7481        5.6575        5.5676        5.4783        5.3894        5.3004        5.2107        5.1200        5.0275        4.9332        4.8370        4.7394        4.6411        4.5431        4.4463        4.3516        4.2594        4.1701        4.0837        4.0000
   480.00000     1        5.8255        5.7331        5.6413        5.5503        5.4598        5.3701        5.2810        5.1923        5.1038        5.0151        4.9259        4.8357        4.7443        4.6516        4.5577        4.4630        4.3681        4.2736        4.1804        4.0890        4.0000
   540.00000     1        5.8120        5.7186        5.6256        5.5333        5.4415        5.3504        5.2600        5.1703        5.0812        4.9926        4.9043        4.8162        4.7279        4.6392        4.5497        4.4593        4.3681        4.2762        4.1838        4.0916        4.0000
   600.00000     1        5.8014        5.7070        5.6131        5.5197        5.4269        5.3346        5.2430        5.1520        5.0617        4.9721        4.8831        4.7948        4.7069        4.6194        4.5319        4.4444        4.3565        4.2681        4.1792        4.0898        4.0000
   660.00000     1        5.7947        5.6997        5.6052        5.5112        5.4176        5.3246        5.2322        5.1404        5.0492        4.9587        4.8689        4.7799        4.6916        4.6040        4.5170        4.4304        4.3443        4.2583        4.1723        4.0863        4.0000
   720.00000     1        5.7913        5.6961        5.6013        5.5069        5.4130        5.3196        5.2267        5.1344        5.0428        4.9518        4.8616        4.7721        4.6833        4.5954        4.5083        4.4220        4.3364        4.2516        4.1673        4.0835        4.0000
   780.00000     1        5.7898        5.6945        5.5995        5.5050        5.4110        5.3174        5.2243        5.1319        5.0400        4.9488        4.8584        4.7686        4.6797        4.5916        4.5044        4.4180        4.3326        4.2482        4.1646        4.0819        4.0000
   840.00000     1        5.7893        5.6939        5.5989        5.5043        5.4102        5.3166        5.2235        5.1309        5.0390        4.9477        4.8572        4.7673        4.6783        4.5901        4.5028        4.4165        4.3311        4.2467        4.1634        4.0812        4.0000
   900.00000     1        5.7891        5.6937        5.5987        5.5041        5.4099        5.3163        5.2232        5.1306        5.0387        4.9474        4.8568        4.7669        4.6778        4.5896        4.5023        4.4159        4.3306        4.2462        4.1630        4.0809        4.0000
   960.00000     1        5.7890        5.6936        5.5986        5.5040        5.4099        5.3162        5.2231        5.1305        5.0385        4.9472        4.8566        4.7668        4.6777        4.5895        4.5022        4.4158        4.3304        4.2461        4.1629        4.0808        4.0000
  1020.00000     1        5.7890        5.6936        5.5986        5.5040        5.4098        5.3162        5.2230        5.1305        5.0385        4.9472        4.8566        4.7667        4.6777        4.5894        4.5021        4.4157        4.3303        4.2460        4.1628        4.0808        4.0000
  1080.00000     1        5.7890        5.6936        5.5986        5.5040        5.4098        5.3161        5.2230        5.1304        5.0385        4.9472        4.8566        4.7667        4.6776        4.5894        4.5021        4.4157        4.3303        4.2460        4.1628        4.0808        4.0000
  1140.00000     1        5.7890        5.6936        5.5985        5.5039        5.4098        5.3161        5.2230        5.1304        5.0385        4.9472        4.8565        4.7667        4.6776        4.5894        4.5021        4.4157        4.3303        4.2460        4.1628        4.0808        4.0000
  1200.00000     1        5.7890        5.6936        5.5985        5.5039        5.4098        5.3161        5.2230        5.1304        5.0384        4.9471        4.8565        4.7667        4.6776        4.5894        4.5021        4.4157        4.3303        4.2460        4.1628        4.0808        4.0000
  1260.00000     1        5.7890        5.6936        5.5985        5.5039        5.4098        5.3161        5.2230        5.1304        5.0384        4.9471        4.8565        4.7667        4.6776        4.5894        4.5020        4.4157        4.3303        4.2460        4.1628        4.0808        4.0000
  1320.00000     1        5.7890        5.6935        5.5985        5.5039        5.4098        5.3161        5.2230        5.1304        5.0384        4.9471        4.8565        4.7666        4.6776        4.5894        4.5020        4.4157        4.3303        4.2460        4.1628        4.0808        4.0000
  1380.00000     1        5.7890        5.6935        5.5985        5.5039        5.4097        5.3161        5.2229        5.1304        5.0384        4.9471        4.8565        4.7666        4.6776        4.5894        4.5020        4.4156        4.3303        4.2460        4.1628        4.0808        4.0000
  1440.00000     1        5.7890        5.6935        5.5985        5.5039        5.4097        5.3161        5.2229        5.1304        5.0384        4.9471        4.8565        4.7666        4.6776        4.5893        4.5020        4.4156        4.3303        4.2460        4.1628        4.0808        4.0000
