     0.00000     1       20.0000       20.0000       20.0000       20.0000       20.0000       20.0000       20.0000       20.0000       20.0000       20.0000       20.0000       20.0000       20.0000       20.0000       20.0000       20.0000       20.0000       20.0000       20.0000       20.0000       20.0000
    10.00000     1       20.0000       20.0000       20.0000       20.0000       20.0000       20.0000       20.0000       20.0000       20.0000       20.0000       20.0000       20.0000       20.0000       20.0000       20.0000       20.0000       20.0000       20.0000       20.0001       20.0001       20.0001
    20.00000     1       20.0000       20.0000       20.0000       20.0000       20.0000       20.0000       20.0000       20.0000       20.0000       20.0000       20.0000       20.0000       20.0000       20.0000       20.0000       20.0000       20.0000       20.0000       20.0001       20.0001       20.0001
    30.00000     1       20.0000       20.0000       20.0000       20.0000       20.0000       20.0000       20.0000       20.0000       20.0000       20.0000       20.0000       20.0000       20.0000       20.0000       20.0000       20.0000       20.0000       20.0000       20.0001       20.0001       20.0001
    40.00000     1       20.0000       20.0000       20.0000       20.0000       20.0000       20.0000       20.0000       20.0000       20.0000       20.0000       20.0000       20.0000       20.0000       20.0000       20.0000       20.0000       20.0000       20.0000       20.0001       20.0001       20.0001
    50.00000     1       20.0000       20.0000       20.0000       20.0000       20.0000       20.0000       20.0000       20.0000       20.0000       20.0000       20.0000       20.0000       20.0000       20.0000       20.0000       20.0000       20.0000       20.0000       20.0001       20.0001       20.0001
    60.00000     1       20.0000       20.0000       20.0000       20.0000       20.0000       20.0000       20.0000       20.0000       20.0000       20.0000       20.0000       20.0000       20.0000       20.0000       20.0000       20.0000       20.0000       20.0000       20.0001       20.0001       20.0001
    70.00000     1       20.0000       19.9991       19.9991       19.9999       20.0003       20.0003       20.0002       20.0001       20.0000       20.0000       20.0000       20.0000       20.0000       20.0000       20.0000       20.0000       20.0000       20.0000       20.0000       20.0000       20.0001
    80.00000     1       20.0000       19.9975       19.9974       19.9991       20.0004       20.0007       20.0005       20.0002       20.0000       20.0000       20.0000       20.0000       20.0000       20.0000       20.0000       20.0000       20.0000       20.0000       20.0000       20.0000       20.0000
    90.00000     1       20.0000       19.9944       19.9934       19.9969       20.0000       20.0012       20.0012       20.0007       20.0003       20.0000       19.9999       19.9999       20.0000       20.0000       20.0000       20.0000       20.0000       20.0000       20.0000       20.0000       20.0000
   100.00000     1       20.0000       19.9878       19.9843       19.9908       19.9976       20.0013       20.0021       20.0016       20.0008       20.0003       20.0000       19.9999       19.9999       20.0000       20.0000       20.0000       20.0000       20.0000       20.0000       20.0000       20.0000
   110.00000     1       20.0000       19.9739       19.9635       19.9749       19.9895       19.9988       20.0025       20.0028       20.0019       20.0009       20.0003       20.0000       19.9999       19.9999       20.0000       20.0000       20.0000       20.0000       20.0000       20.0001       20.0001
   120.00000     1       20.0000       19.9441       19.9162       19.9346       19.9645       19.9869       19.9985       20.0026       20.0028       20.0018       20.0009       20.0003       20.0000       19.9999       19.9999       20.0000       20.0000       20.0000       20.0001       20.0001       20.0001
   130.00000     1       20.8333       20.1510       19.9028       19.8618       19.8957       19.9412       19.9750       19.9940       20.0020       20.0038       20.0031       20.0018       20.0008       20.0002       19.9999       19.9999       19.9999       19.9999       20.0000       20.0000       20.0000
   140.00000     1       21.6667       20.6345       20.1047       19.9022       19.8698       19.9024       19.9453       19.9773       19.9952       20.0026       20.0041       20.0032       20.0019       20.0008       20.0002       19.9999       19.9998       19.9999       19.9999       20.0000       20.0000
   150.00000     1       22.5000       21.2478       20.4535       20.0461       19.8949       19.8780       19.9117       19.9516       19.9807       19.9967       20.0031       20.0042       20.0032       20.0018       20.0007       20.0001       19.9999       19.9998       19.9999       19.9999       20.0000
   160.00000     1       23.3333       21.9556       20.9358       20.3067       19.9955       19.8891       19.8870       19.9220       19.9587       19.9845       19.9982       20.0034       20.0041       20.0029       20.0016       20.0006       20.0001       19.9999       19.9998       19.9999       19.9999
   170.00000     1       24.1667       22.7455       21.5466       20.6947       20.1924       19.9578       19.8879       19.8977       19.9328       19.9659       19.9881       19.9995       20.0035       20.0038       20.0026       20.0014       20.0005       20.0000       19.9998       19.9998       19.9999
   180.00000     1       25.0000       23.6327       22.3072       21.2362       20.5147       20.1117       19.9364       19.8937       19.9109       19.9442       19.9731       19.9915       20.0005       20.0034       20.0033       20.0021       20.0010       20.0003       19.9999       19.9998       19.9998
   190.00000     1       24.1667       23.9456       23.0077       21.9303       21.0331       20.4241       20.0826       19.9340       19.8989       19.9157       19.9468       19.9739       19.9915       20.0004       20.0034       20.0034       20.0023       20.0012       20.0004       20.0000       19.9999
   200.00000     1       23.3333       23.7860       23.3473       22.4698       21.5457       20.8006       20.3059       20.0361       19.9251       19.9052       19.9253       19.9546       19.9788       19.9939       20.0012       20.0034       20.0032       20.0021       20.0011       20.0004       20.0000
   210.00000     1       22.5000       23.3786       23.4195       22.8538       22.0289       21.2290       20.6096       20.2108       20.0009       19.9208       19.9129       19.9349       19.9620       19.9832       19.9959       20.0018       20.0034       20.0029       20.0018       20.0009       20.0003
   220.00000     1       21.6667       22.8058       23.2580       23.0502       22.4235       21.6593       20.9680       20.4548       20.1359       19.9755       19.9203       19.9214       19.9441       19.9687       19.9870       19.9976       20.0022       20.0032       20.0026       20.0016       20.0007
   230.00000     1       20.8333       22.1119       22.8962       23.0503       22.6880       22.0433       21.3463       20.7527       20.3304       20.0782       19.9584       19.9230       19.9305       19.9529       19.9748       19.9903       19.9989       20.0025       20.0030       20.0023       20.0013
   240.00000     1       20.0000       21.3065       22.3474       22.8475       22.7909       22.3370       21.7039       21.0785       20.5743       20.2309       20.0351       19.9485       19.9284       19.9402       19.9614       19.9804       19.9932       20.0000       20.0025       20.0027       20.0019
   250.00000     1       20.0000       20.8474       21.8118       22.4887       22.7044       22.4914       22.0013       21.4124       20.8666       20.4430       20.1629       20.0082       19.9436       19.9325       19.9461       19.9660       19.9832       19.9945       20.0004       20.0025       20.0026
   260.00000     1       20.0000       20.5423       21.3574       22.0974       22.5128       22.5272       22.2098       21.7048       21.1603       20.6841       20.3298       20.1045       19.9860       19.9412       19.9383       19.9535       19.9720       19.9869       19.9964       20.0010       20.0025
   270.00000     1       20.0000       20.3470       20.9952       21.7114       22.2456       22.4518       22.3190       21.9374       21.4389       20.9440       20.5329       20.2392       20.0599       19.9709       19.9416       19.9447       19.9604       19.9772       19.9901       19.9978       20.0015
   280.00000     1       20.0000       20.2219       20.7176       21.3608       21.9435       22.2918       22.3320       22.0954       21.6802       21.2029       20.7599       20.4086       20.1676       20.0268       19.9615       19.9440       19.9511       19.9667       19.9818       19.9927       19.9990
   290.00000     1       20.0000       20.1416       20.5103       21.0593       21.6378       22.0763       22.2625       22.1742       21.8679       21.4415       20.9953       20.6040       20.3071       20.1115       20.0027       19.9564       19.9480       19.9576       19.9725       19.9858       19.9949
   300.00000     1       20.0000       20.0898       20.3579       20.8092       21.3493       21.8323       22.1298       22.1789       21.9936       21.6440       21.2227       20.8134       20.4725       20.2247       20.0684       19.9862       19.9550       19.9531       19.9642       19.9779       19.9893
   310.00000     1       20.0000       20.0585       20.2529       20.6141       21.0929       21.5778       21.9453       22.1094       22.0474       21.7961       21.4293       21.0289       20.6617       20.3683       20.1625       20.0375       19.9752       19.9545       19.9568       19.9684       19.9812
   320.00000     1       20.0000       20.0375       20.1758       20.4583       20.8698       21.3332       21.7398       21.9936       22.0439       21.8962       21.6010       21.2309       20.8564       20.5302       20.2801       20.1114       20.0135       19.9681       19.9562       19.9617       19.9734
   330.00000     1       20.0000       20.0241       20.1215       20.3384       20.6824       21.1069       21.5245       21.8404       21.9866       21.9416       21.7307       21.4107       21.0492       20.7054       20.4193       20.2084       20.0716       19.9962       19.9644       19.9591       19.9666
   340.00000     1       20.0000       20.0154       20.0835       20.2475       20.5286       20.9049       21.3118       21.6640       21.8860       21.9356       21.8141       21.5592       21.2294       20.8851       20.5745       20.3266       20.1507       20.0413       19.9844       19.9632       19.9626
   350.00000     1       20.0000       20.0099       20.0570       20.1794       20.4048       20.7295       21.1106       21.4771       21.7535       21.8847       21.8510       21.6705       21.3880       21.0600       20.7387       20.4621       20.2498       20.1048       20.0187       19.9768       19.9638
   360.00000     1       20.0000       20.0062       20.0386       20.1286       20.3063       20.5803       20.9265       21.2897       21.6006       21.7975       21.8450       21.7421       21.5182       21.2214       20.9037       20.6091       20.3661       20.1866       20.0689       20.0023       19.9726
   370.00000     1       20.0000       20.0041       20.0265       20.0930       20.2318       20.4589       20.7645       21.1093       21.4343       21.6781       21.7957       21.7697       21.6133       21.3625       21.0645       20.7650       20.4995       20.2882       20.1374       20.0421       19.9908
   380.00000     1       20.0000       20.0026       20.0180       20.0663       20.1731       20.3583       20.6227       20.9413       21.2669       21.5423       21.7170       21.7616       21.6740       21.4771       21.2104       20.9183       20.6401       20.4034       20.2219       20.0969       20.0212
   390.00000     1       20.0000       20.0017       20.0122       20.0470       20.1284       20.2772       20.5017       20.7890       21.1036       21.3953       21.6133       21.7197       21.6993       21.5619       21.3369       21.0643       20.7844       20.5300       20.3216       20.1674       20.0650
   400.00000     1       20.0000       20.0011       20.0082       20.0332       20.0946       20.2127       20.4003       20.6538       20.9490       21.2445       21.4920       21.6493       21.6913       21.6151       21.4393       21.1969       20.9265       20.6635       20.4340       20.2527       20.1230
   410.00000     1       20.0000       20.0007       20.0055       20.0233       20.0691       20.1618       20.3164       20.5361       20.8065       21.0954       21.3599       21.5566       21.6534       21.6371       21.5148       21.3113       21.0606       20.7986       20.5553       20.3510       20.1950
   420.00000     1       20.0000       20.0004       20.0036       20.0162       20.0501       20.1220       20.2477       20.4350       20.6778       20.9526       21.2232       21.4479       21.5907       21.6299       21.5625       21.4036       21.1816       20.9301       20.6812       20.4595       20.2798
   430.00000     1       20.0000       20.0003       20.0025       20.0115       20.0367       20.0923       20.1937       20.3514       20.5651       20.8198       21.0862       21.3269       21.5051       21.5933       21.5799       21.4704       21.2855       21.0546       20.8094       20.5773       20.3779
   440.00000     1       20.0000       20.0002       20.0017       20.0080       20.0265       20.0691       20.1498       20.2809       20.4663       20.6979       20.9538       21.2018       21.4060       21.5357       21.5721       21.5124       21.3690       21.1658       20.9323       20.6972       20.4836
   450.00000     1       20.0000       20.0001       20.0011       20.0056       20.0191       20.0514       20.1151       20.2228       20.3815       20.5885       20.8288       21.0757       21.2966       21.4593       21.5403       21.5290       21.4301       21.2608       21.0470       20.8166       20.5950
   460.00000     1       20.0000       20.0001       20.0007       20.0038       20.0136       20.0380       20.0879       20.1754       20.3095       20.4918       20.7129       20.9525       21.1815       21.3688       21.4877       21.5217       21.4680       21.3370       21.1495       20.9315       20.7088
   470.00000     1       20.0000       20.0000       20.0005       20.0026       20.0097       20.0279       20.0667       20.1371       20.2491       20.4074       20.6076       20.8347       21.0648       21.2685       21.4181       21.4927       21.4831       21.3928       21.2370       21.0380       20.8211
   480.00000     1       20.0000       20.0000       20.0003       20.0017       20.0068       20.0204       20.0502       20.1063       20.1989       20.3346       20.5131       20.7246       20.9497       21.1625       21.3355       21.4450       21.4766       21.4277       21.3070       21.1329       20.9284
   490.00000     1       20.0000       20.0000       20.0002       20.0013       20.0050       20.0151       20.0381       20.0828       20.1588       20.2741       20.4311       20.6243       20.8392       21.0539       21.2423       21.3799       21.4486       21.4401       21.3574       21.2134       21.0280
   500.00000     1       20.0000       20.0000       20.0002       20.0009       20.0035       20.0110       20.0285       20.0637       20.1255       20.2224       20.3588       20.5330       20.7348       20.9462       21.1439       21.3035       21.4043       21.4336       21.3888       21.2778       21.1162
   510.00000     1       20.0000       20.0000       20.0001       20.0006       20.0025       20.0080       20.0213       20.0488       20.0987       20.1792       20.2965       20.4514       20.6378       20.8417       21.0428       21.2179       21.3453       21.4088       21.4012       21.3248       21.1910
   520.00000     1       20.0000       20.0000       20.0001       20.0004       20.0018       20.0058       20.0158       20.0372       20.0771       20.1436       20.2434       20.3795       20.5492       20.7422       20.9416       21.1263       21.2746       21.3680       21.3952       21.3539       21.2508
   530.00000     1       20.0000       20.0000       20.0001       20.0003       20.0013       20.0042       20.0117       20.0282       20.0599       20.1143       20.1984       20.3168       20.4692       20.6490       20.8427       21.0317       21.1951       21.3135       21.3725       21.3654       21.2945
   540.00000     1       20.0000       20.0000       20.0000       20.0002       20.0009       20.0030       20.0086       20.0212       20.0462       20.0904       20.1606       20.2625       20.3979       20.5630       20.7478       20.9366       21.1099       21.2482       21.3351       21.3603       21.3218
   550.00000     1       20.0000       20.0000       20.0000       20.0001       20.0006       20.0022       20.0064       20.0162       20.0359       20.0717       20.1301       20.2172       20.3362       20.4858       20.6592       20.8433       21.0212       21.1738       21.2838       21.3383       21.3315
   560.00000     1       20.0000       20.0000       20.0000       20.0001       20.0004       20.0016       20.0047       20.0121       20.0276       20.0563       20.1044       20.1781       20.2817       20.4159       20.5763       20.7531       20.9316       21.0940       21.2228       21.3033       21.3265
   570.00000     1       20.0000       20.0000       20.0000       20.0000       20.0003       20.0011       20.0034       20.0091       20.0211       20.0440       20.0834       20.1453       20.2346       20.3536       20.5003       20.6674       20.8428       21.0107       21.1538       21.2564       21.3070
   580.00000     1       20.0000       20.0000       20.0000       20.0000       20.0002       20.0008       20.0025       20.0067       20.0160       20.0342       20.0662       20.1178       20.1942       20.2987       20.4313       20.5871       20.7566       20.9259       21.0789       21.1995       21.2745
   590.00000     1       20.0000       20.0000       20.0000       20.0000       20.0001       20.0005       20.0018       20.0050       20.0122       20.0265       20.0524       20.0950       20.1599       20.2508       20.3694       20.5129       20.6742       20.8416       21.0004       21.1349       21.2309
   600.00000     1       20.0000       20.0000       20.0000       20.0000       20.0000       20.0004       20.0013       20.0037       20.0091       20.0204       20.0411       20.0762       20.1308       20.2093       20.3143       20.4451       20.5965       20.7592       20.9203       21.0647       21.1780
   610.00000     1       20.0000       20.0000       20.0000       19.9999       20.0000       20.0002       20.0009       20.0027       20.0069       20.0158       20.0324       20.0612       20.1070       20.1745       20.2668       20.3847       20.5250       20.6806       20.8403       20.9906       21.1171
   620.00000     1       20.0000       20.0000       19.9999       19.9999       20.0000       20.0001       20.0006       20.0019       20.0052       20.0121       20.0253       20.0488       20.0869       20.1443       20.2248       20.3301       20.4588       20.6057       20.7617       20.9147       21.0509
   630.00000     1       20.0000       20.0000       20.0000       19.9999       19.9999       20.0000       20.0004       20.0014       20.0038       20.0092       20.0197       20.0387       20.0702       20.1187       20.1883       20.2816       20.3985       20.5356       20.6857       20.8384       20.9810
   640.00000     1       20.0000       20.0000       20.0000       19.9999       19.9999       20.0000       20.0002       20.0010       20.0028       20.0070       20.0153       20.0305       20.0565       20.0972       20.1570       20.2389       20.3440       20.4706       20.6132       20.7631       20.9089
   650.00000     1       20.0000       20.0000       20.0000       19.9999       19.9999       20.0000       20.0001       20.0007       20.0021       20.0052       20.0118       20.0240       20.0452       20.0792       20.1302       20.2016       20.2954       20.4110       20.5449       20.6899       20.8361
   660.00000     1       20.0000       20.0000       20.0000       19.9999       19.9999       19.9999       20.0001       20.0005       20.0015       20.0039       20.0090       20.0188       20.0360       20.0642       20.1074       20.1691       20.2521       20.3569       20.4812       20.6198       20.7640
   670.00000     1       20.0000       20.0000       20.0000       20.0000       20.0000       20.0000       20.0000       20.0003       20.0011       20.0030       20.0070       20.0147       20.0288       20.0522       20.0886       20.1418       20.2148       20.3089       20.4232       20.5538       20.6939
   680.00000     1       20.0000       20.0000       20.0000       20.0000       20.0000       20.0000       20.0000       20.0002       20.0008       20.0022       20.0053       20.0115       20.0228       20.0420       20.0726       20.1181       20.1817       20.2656       20.3698       20.4917       20.6261
   690.00000     1       20.0000       20.0000       20.0000       20.0000       20.0000       20.0000       20.0000       20.0002       20.0006       20.0017       20.0041       20.0089       20.0180       20.0337       20.0592       20.0979       20.1530       20.2272       20.3214       20.4342       20.5616
   700.00000     1       20.0000       20.0000       20.0000       20.0000       20.0000       20.0000       20.0000       20.0001       20.0004       20.0013       20.0031       20.0069       20.0142       20.0270       20.0481       20.0808       20.1283       20.1935       20.2779       20.3813       20.5009
   710.00000     1       20.0000       20.0000       20.0000       20.0000       20.0000       20.0000       20.0000       20.0001       20.0003       20.0009       20.0024       20.0053       20.0111       20.0215       20.0389       20.0664       20.1071       20.1639       20.2391       20.3330       20.4443
   720.00000     1       20.0000       20.0000       20.0000       20.0000       20.0000       20.0000       20.0000       20.0001       20.0002       20.0007       20.0018       20.0041       20.0087       20.0170       20.0313       20.0543       20.0889       20.1382       20.2046       20.2894       20.3919
   730.00000     1       20.0000       20.0000       20.0000       20.0000       20.0000       20.0000       20.0000       20.0000       20.0002       20.0005       20.0013       20.0031       20.0068       20.0135       20.0253       20.0444       20.0738       20.1163       20.1747       20.2507       20.3443
   740.00000     1       20.0000       20.0000       20.0000       20.0000       20.0000       20.0000       20.0000       20.0000       20.0001       20.0004       20.0010       20.0024       20.0053       20.0107       20.0202       20.0361       20.0609       20.0974       20.1483       20.2159       20.3008
   750.00000     1       20.0000       20.0000       20.0000       20.0000       20.0000       20.0000       20.0000       20.0000       20.0001       20.0003       20.0007       20.0018       20.0041       20.0084       20.0162       20.0292       20.0500       20.0811       20.1254       20.1851       20.2616
   760.00000     1       20.0000       20.0000       20.0000       20.0000       20.0000       20.0000       20.0000       20.0000       20.0000       20.0002       20.0005       20.0014       20.0031       20.0066       20.0128       20.0236       20.0409       20.0674       20.1056       20.1580       20.2264
   770.00000     1       20.0000       20.0000       20.0000       20.0000       20.0000       20.0000       20.0000       20.0000       20.0000       20.0001       20.0004       20.0010       20.0024       20.0051       20.0102       20.0189       20.0334       20.0557       20.0885       20.1343       20.1951
   780.00000     1       20.0000       20.0000       20.0000       19.9999       19.9999       19.9999       19.9999       20.0000       20.0000       20.0000       20.0002       20.0007       20.0018       20.0039       20.0080       20.0151       20.0270       20.0458       20.0738       20.1135       20.1672
   790.00000     1       20.0000       20.0000       20.0000       20.0000       20.0000       20.0000       20.0000       20.0000       20.0000       20.0001       20.0002       20.0006       20.0014       20.0031       20.0063       20.0122       20.0220       20.0377       20.0616       20.0960       20.1432
   800.00000     1       20.0000       20.0000       20.0000       20.0000       20.0000       20.0000       20.0000       20.0000       20.0000       20.0000       20.0001       20.0004       20.0010       20.0024       20.0050       20.0097       20.0178       20.0309       20.0511       20.0806       20.1218
   810.00000     1       20.0000       20.0000       20.0000       20.0000       19.9999       19.9999       20.0000       20.0000       20.0000       20.0000       20.0001       20.0003       20.0008       20.0018       20.0039       20.0077       20.0143       20.0252       20.0422       20.0675       20.1033
   820.00000     1       20.0000       20.0000       20.0000       19.9999       19.9999       19.9999       19.9999       19.9999       19.9999       20.0000       20.0000       20.0002       20.0006       20.0014       20.0030       20.0061       20.0114       20.0204       20.0347       20.0563       20.0872
   830.00000     1       20.0000       20.0000       19.9999       19.9999       19.9999       19.9999       19.9999       19.9999       19.9999       19.9999       20.0000       20.0001       20.0004       20.0010       20.0023       20.0047       20.0091       20.0165       20.0284       20.0467       20.0734
   840.00000     1       20.0000       19.9999       19.9999       19.9999       19.9999       19.9999       19.9999       19.9999       19.9999       19.9999       19.9999       20.0000       20.0002       20.0007       20.0017       20.0036       20.0072       20.0132       20.0232       20.0386       20.0614
   850.00000     1       20.0000       20.0000       19.9999       19.9999       19.9999       19.9999       19.9999       19.9999       19.9999       19.9999       19.9999       20.0000       20.0002       20.0005       20.0013       20.0029       20.0057       20.0107       20.0190       20.0319       20.0514
   860.00000     1       20.0000       20.0000       19.9999       19.9999       19.9999       19.9999       19.9999       19.9999       19.9999       19.9999       19.9999       20.0000       20.0001       20.0004       20.0010       20.0022       20.0045       20.0086       20.0154       20.0263       20.0428
   870.00000     1       20.0000       20.0000       19.9999       19.9999       19.9999       19.9999       19.9999       19.9999       19.9999       19.9999       19.9999       19.9999       20.0000       20.0002       20.0007       20.0017       20.0035       20.0068       20.0125       20.0215       20.0355
   880.00000     1       20.0000       20.0000       19.9999       19.9999       19.9999       19.9999       19.9999       19.9998       19.9998       19.9998       19.9999       19.9999       20.0000       20.0001       20.0005       20.0013       20.0027       20.0054       20.0100       20.0176       20.0294
   890.00000     1       20.0000       19.9999       19.9999       19.9999       19.9998       19.9998       19.9998       19.9998       19.9998       19.9998       19.9998       19.9998       19.9999       20.0000       20.0003       20.0009       20.0021       20.0042       20.0080       20.0142       20.0241
   900.00000     1       20.0000       19.9999       19.9999       19.9998       19.9998       19.9998       19.9998       19.9997       19.9997       19.9997       19.9997       19.9998       19.9998       19.9999       20.0001       20.0006       20.0015       20.0032       20.0063       20.0115       20.0197
   910.00000     1       20.0000       20.0000       19.9999       19.9999       19.9998       19.9998       19.9998       19.9998       19.9998       19.9998       19.9998       19.9998       19.9998       19.9999       20.0001       20.0004       20.0012       20.0026       20.0051       20.0093       20.0162
   920.00000     1       20.0000       20.0000       19.9999       19.9999       19.9999       19.9998       19.9998       19.9998       19.9998       19.9998       19.9998       19.9998       19.9998       19.9999       20.0000       20.0003       20.0009       20.0020       20.0040       20.0075       20.0132
   930.00000     1       20.0000       20.0000       19.9999       19.9999       19.9999       19.9998       19.9998       19.9998       19.9998       19.9998       19.9997       19.9997       19.9998       19.9998       19.9999       20.0001       20.0006       20.0015       20.0031       20.0060       20.0107
   940.00000     1       20.0000       19.9999       19.9999       19.9999       19.9998       19.9998       19.9998       19.9997       19.9997       19.9997       19.9997       19.9997       19.9997       19.9998       19.9998       20.0000       20.0004       20.0011       20.0024       20.0047       20.0086
   950.00000     1       20.0000       19.9999       19.9999       19.9998       19.9998       19.9997       19.9997       19.9997       19.9997       19.9997       19.9996       19.9996       19.9996       19.9997       19.9997       19.9999       20.0001       20.0007       20.0018       20.0036       20.0069
   960.00000     1       20.0000       19.9999       19.9998       19.9998       19.9997       19.9997       19.9997       19.9996       19.9996       19.9996       19.9996       19.9996       19.9996       19.9996       19.9996       19.9998       20.0000       20.0004       20.0013       20.0028       20.0054
   970.00000     1       20.0000       19.9999       19.9999       19.9998       19.9998       19.9997       19.9997       19.9997       19.9997       19.9996       19.9996       19.9996       19.9996       19.9996       19.9997       19.9997       19.9999       20.0003       20.0009       20.0022       20.0043
   980.00000     1       20.0000       19.9999       19.9999       19.9998       19.9998       19.9997       19.9997       19.9997       19.9996       19.9996       19.9996       19.9996       19.9996       19.9996       19.9996       19.9997       19.9998       20.0001       20.0006       20.0016       20.0034
   990.00000     1       20.0000       19.9999       19.9999       19.9998       19.9998       19.9997       19.9997       19.9996       19.9996       19.9996       19.9996       19.9996       19.9995       19.9995       19.9996       19.9996       19.9997       19.9999       20.0004       20.0012       20.0026
  1000.00000     1       20.0000       19.9999       19.9998       19.9998       19.9997       19.9997       19.9996       19.9996       19.9995       19.9995       19.9995       19.9995       19.9995       19.9995       19.9995       19.9995       19.9996       19.9998       20.0001       20.0007       20.0019
  1010.00000     1       20.0000       19.9999       19.9998       19.9997       19.9997       19.9996       19.9996       19.9995       19.9995       19.9995       19.9994       19.9994       19.9994       19.9994       19.9994       19.9994       19.9995       19.9996       19.9999       20.0004       20.0013
  1020.00000     1       20.0000       19.9999       19.9998       19.9997       19.9996       19.9996       19.9995       19.9995       19.9994       19.9994       19.9994       19.9994       19.9994       19.9993       19.9993       19.9994       19.9994       19.9995       19.9997       20.0001       20.0009
  1030.00000     1       20.0000       19.9999       19.9998       19.9997       19.9997       19.9996       19.9996       19.9995       19.9995       19.9994       19.9994       19.9994       19.9994       19.9994       19.9994       19.9994       19.9994       19.9995       19.9997       20.0000       20.0006
  1040.00000     1       20.0000       19.9999       19.9998       19.9997       19.9997       19.9996       19.9996       19.9995       19.9994       19.9994       19.9994       19.9994       19.9994       19.9993       19.9993       19.9993       19.9994       19.9994       19.9995       19.9998       20.0003
  1050.00000     1       20.0000       19.9999       19.9998       19.9997       19.9996       19.9996       19.9995       19.9994       19.9994       19.9993       19.9993       19.9993       19.9993       19.9993       19.9992       19.9992       19.9993       19.9993       19.9994       19.9996       20.0000
  1060.00000     1       20.0000       19.9999       19.9998       19.9997       19.9996       19.9995       19.9994       19.9994       19.9993       19.9993       19.9993       19.9992       19.9992       19.9992       19.9992       19.9992       19.9992       19.9992       19.9993       19.9995       19.9998
  1070.00000     1       20.0000       19.9999       19.9997       19.9996       19.9995       19.9995       19.9994       19.9993       19.9993       19.9992       19.9992       19.9992       19.9991       19.9991       19.9991       19.9991       19.9991       19.9991       19.9992       19.9993       19.9996
  1080.00000     1       20.0000       19.9999       19.9997       19.9996       19.9995       19.9994       19.9994       19.9993       19.9992       19.9992       19.9992       19.9991       19.9991       19.9991       19.9990       19.9990       19.9990       19.9990       19.9991       19.9992       19.9994
  1090.00000     1       20.0000       19.9999       19.9998       19.9997       19.9996       19.9995       19.9994       19.9994       19.9993       19.9992       19.9992       19.9992       19.9991       19.9991       19.9991       19.9991       19.9991       19.9991       19.9991       19.9992       19.9993
  1100.00000     1       20.0000       19.9999       19.9998       19.9997       19.9996       19.9995       19.9994       19.9993       19.9993       19.9992       19.9992       19.9991       19.9991       19.9991       19.9990       19.9990       19.9990       19.9990       19.9990       19.9991       19.9992
  1110.00000     1       20.0000       19.9999       19.9998       19.9997       19.9996       19.9995       19.9994       19.9993       19.9992       19.9992       19.9991       19.9991       19.9990       19.9990       19.9990       19.9990       19.9989       19.9989       19.9990       19.9990       19.9991
  1120.00000     1       20.0000       19.9999       19.9998       19.9997       19.9995       19.9994       19.9993       19.9993       19.9992       19.9991       19.9991       19.9990       19.9990       19.9989       19.9989       19.9989       19.9989       19.9989       19.9989       19.9989       19.9990
  1130.00000     1       20.0000       19.9999       19.9998       19.9996       19.9995       19.9994       19.9993       19.9992       19.9992       19.9991       19.9990       19.9990       19.9989       19.9989       19.9989       19.9988       19.9988       19.9988       19.9988       19.9988       19.9989
  1140.00000     1       20.0000       19.9999       19.9998       19.9996       19.9995       19.9994       19.9993       19.9992       19.9992       19.9991       19.9990       19.9990       19.9989       19.9989       19.9988       19.9988       19.9988       19.9988       19.9988       19.9988       19.9988
  1150.00000     1       20.0000       19.9999       19.9998       19.9997       19.9995       19.9994       19.9993       19.9993       19.9992       19.9991       19.9990       19.9989       19.9989       19.9988       19.9988       19.9988       19.9987       19.9987       19.9987       19.9987       19.9988
  1160.00000     1       20.0000       19.9999       19.9997       19.9996       19.9995       19.9994       19.9993       19.9992       19.9991       19.9990       19.9990       19.9989       19.9988       19.9988       19.9987       19.9987       19.9987       19.9987       19.9986       19.9986       19.9987
  1170.00000     1       20.0000       19.9999       19.9997       19.9996       19.9995       19.9994       19.9993       19.9992       19.9991       19.9990       19.9989       19.9988       19.9988       19.9987       19.9987       19.9986       19.9986       19.9986       19.9986       19.9986       19.9986
  1180.00000     1       20.0000       19.9999       19.9997       19.9996       19.9995       19.9993       19.9992       19.9991       19.9991       19.9990       19.9989       19.9988       19.9987       19.9987       19.9986       19.9986       19.9985       19.9985       19.9985       19.9985       19.9985
  1190.00000     1       20.0000       19.9999       19.9997       19.9996       19.9994       19.9993       19.9992       19.9991       19.9990       19.9989       19.9988       19.9988       19.9987       19.9986       19.9986       19.9985       19.9985       19.9985       19.9984       19.9984       19.9984
  1200.00000     1       20.0000       19.9999       19.9997       19.9996       19.9994       19.9993       19.9992       19.9991       19.9990       19.9989       19.9988       19.9987       19.9987       19.9986       19.9985       19.9985       19.9984       19.9984       19.9984       19.9984       19.9984
  1210.00000     1       20.0000       19.9999       19.9998       19.9996       19.9995       19.9994       19.9993       19.9992       19.9991       19.9990       19.9989       19.9988       19.9987       19.9986       19.9986       19.9985       19.9985       19.9984       19.9984       19.9984       19.9983
  1220.00000     1       20.0000       19.9999       19.9997       19.9996       19.9995       19.9994       19.9993       19.9991       19.9990       19.9989       19.9988       19.9987       19.9987       19.9986       19.9985       19.9985       19.9984       19.9984       19.9983       19.9983       19.9983
  1230.00000     1       20.0000       19.9999       19.9997       19.9996       19.9995       19.9994       19.9992       19.9991       19.9990       19.9989       19.9988       19.9987       19.9986       19.9985       19.9985       19.9984       19.9984       19.9983       19.9983       19.9982       19.9982
  1240.00000     1       20.0000       19.9999       19.9997       19.9996       19.9995       19.9993       19.9992       19.9991       19.9990       19.9989       19.9988       19.9987       19.9986       19.9985       19.9984       19.9984       19.9983       19.9982       19.9982       19.9982       19.9981
  1250.00000     1       20.0000       19.9999       19.9997       19.9996       19.9994       19.9993       19.9992       19.9991       19.9990       19.9988       19.9987       19.9986       19.9986       19.9985       19.9984       19.9983       19.9983       19.9982       19.9981       19.9981       19.9981
  1260.00000     1       20.0000       19.9999       19.9997       19.9996       19.9994       19.9993       19.9992       19.9991       19.9989       19.9988       19.9987       19.9986       19.9985       19.9985       19.9984       19.9983       19.9982       19.9982       19.9981       19.9981       19.9980
  1270.00000     1       20.0000       19.9999       19.9997       19.9996       19.9995       19.9994       19.9992       19.9991       19.9990       19.9989       19.9988       19.9987       19.9986       19.9985       19.9984       19.9983       19.9982       19.9982       19.9981       19.9981       19.9980
  1280.00000     1       20.0000       19.9999       19.9997       19.9996       19.9995       19.9993       19.9992       19.9991       19.9990       19.9989       19.9987       19.9986       19.9985       19.9984       19.9984       19.9983       19.9982       19.9981       19.9981       19.9980       19.9980
  1290.00000     1       20.0000       19.9999       19.9997       19.9996       19.9995       19.9993       19.9992       19.9991       19.9990       19.9988       19.9987       19.9986       19.9985       19.9984       19.9983       19.9982       19.9981       19.9981       19.9980       19.9980       19.9979
  1300.00000     1       20.0000       19.9999       19.9997       19.9996       19.9994       19.9993       19.9992       19.9991       19.9989       19.9988       19.9987       19.9986       19.9985       19.9984       19.9983       19.9982       19.9981       19.9980       19.9980       19.9979       19.9979
  1310.00000     1       20.0000       19.9999       19.9997       19.9996       19.9994       19.9993       19.9992       19.9990       19.9989       19.9988       19.9987       19.9986       19.9985       19.9984       19.9983       19.9982       19.9981       19.9980       19.9979       19.9979       19.9978
  1320.00000     1       20.0000       19.9999       19.9997       19.9996       19.9994       19.9993       19.9992       19.9990       19.9989       19.9988       19.9987       19.9986       19.9985       19.9984       19.9982       19.9982       19.9981       19.9980       19.9979       19.9978       19.9978
  1330.00000     1       20.0000       19.9999       19.9997       19.9996       19.9994       19.9993       19.9992       19.9990       19.9989       19.9988       19.9987       19.9986       19.9985       19.9983       19.9982       19.9981       19.9980       19.9980       19.9979       19.9978       19.9977
  1340.00000     1       20.0000       19.9998       19.9997       19.9996       19.9994       19.9993       19.9991       19.9990       19.9989       19.9988       19.9987       19.9985       19.9984       19.9983       19.9982       19.9981       19.9980       19.9979       19.9978       19.9977       19.9977
  1350.00000     1       20.0000       19.9998       19.9997       19.9995       19.9994       19.9993       19.9991       19.9990       19.9989       19.9987       19.9986       19.9985       19.9984       19.9983       19.9982       19.9981       19.9980       19.9979       19.9978       19.9977       19.9976
  1360.00000     1       20.0000       19.9998       19.9997       19.9995       19.9994       19.9992       19.9991       19.9990       19.9988       19.9987       19.9986       19.9985       19.9984       19.9982       19.9981       19.9980       19.9979       19.9978       19.9977       19.9976       19.9976
  1370.00000     1       20.0000       19.9998       19.9997       19.9995       19.9994       19.9992       19.9991       19.9989       19.9988       19.9987       19.9986       19.9984       19.9983       19.9982       19.9981       19.9980       19.9979       19.9978       19.9977       19.9976       19.9975
  1380.00000     1       20.0000       19.9999       19.9997       19.9995       19.9994       19.9992       19.9991       19.9989       19.9988       19.9987       19.9985       19.9984       19.9983       19.9982       19.9981       19.9980       19.9979       19.9978       19.9977       19.9976       19.9975
  1390.00000     1       20.0000       19.9999       19.9997       19.9996       19.9994       19.9993       19.9991       19.9990       19.9989       19.9987       19.9986       19.9985       19.9984       19.9982       19.9981       19.9980       19.9979       19.9978       19.9977       19.9976       19.9975
  1400.00000     1       20.0000       19.9999       19.9997       19.9995       19.9994       19.9993       19.9991       19.9990       19.9989       19.9987       19.9986       19.9985       19.9983       19.9982       19.9981       19.9980       19.9979       19.9978       19.9977       19.9976       19.9975
  1410.00000     1       20.0000       19.9998       19.9997       19.9995       19.9994       19.9992       19.9991       19.9990       19.9988       19.9987       19.9986       19.9984       19.9983       19.9982       19.9981       19.9980       19.9978       19.9977       19.9976       19.9975       19.9974
  1420.00000     1       20.0000       19.9998       19.9997       19.9995       19.9994       19.9992       19.9991       19.9990       19.9988       19.9987       19.9986       19.9984       19.9983       19.9982       19.9980       19.9979       19.9978       19.9977       19.9976       19.9975       19.9974
  1430.00000     1       20.0000       19.9998       19.9997       19.9995       19.9994       19.9992       19.9991       19.9989       19.9988       19.9987       19.9985       19.9984       19.9983       19.9981       19.9980       19.9979       19.9978       19.9977       19.9976       19.9975       19.9974
