     0.00000     1        4.0000        4.0000        4.0000        4.0000        4.0000        4.0000        4.0000        4.0000        4.0000        4.0000        4.0000        4.0000        4.0000        4.0000        4.0000        4.0000        4.0000        4.0000        4.0000        4.0000        4.0000
    10.00000     1        5.7891        5.6936        5.5986        5.5040        5.4099        5.3162        5.2231        5.1305        5.0385        4.9472        4.8566        4.7667        4.6777        4.5895        4.5021        4.4157        4.3303        4.2460        4.1628        4.0808        4.0000
    20.00000     1        5.7891        5.6936        5.5986        5.5040        5.4099        5.3162        5.2231        5.1305        5.0385        4.9472        4.8566        4.7667        4.6777        4.5895        4.5021        4.4157        4.3303        4.2460        4.1628        4.0808        4.0000
    30.00000     1        5.7891        5.6936        5.5986        5.5040        5.4099        5.3162        5.2231        5.1305        5.0385        4.9472        4.8566        4.7667        4.6777        4.5895        4.5021        4.4157        4.3303        4.2460        4.1628        4.0808        4.0000
    40.00000     1        5.7891        5.6936        5.5986        5.5040        5.4099        5.3162        5.2231        5.1305        5.0385        4.9472        4.8566        4.7667        4.6777        4.5895        4.5021        4.4157        4.3303        4.2460        4.1628        4.0808        4.0000
    50.00000     1        5.7891        5.6936        5.5986        5.5040        5.4099        5.3162        5.2231        5.1305        5.0385        4.9472        4.8566        4.7667        4.6777        4.5895        4.5021        4.4157        4.3303        4.2460        4.1628        4.0808        4.0000
    60.00000     1        5.7891        5.6936        5.5986        5.5040        5.4099        5.3162        5.2231        5.1305        5.0385        4.9472        4.8566        4.7667        4.6777        4.5895        4.5021        4.4157        4.3303        4.2460        4.1628        4.0808        4.0000
    70.00000     1        5.7891        5.6936        5.5986        5.5040        5.4099        5.3162        5.2231        5.1305        5.0385        4.9472        4.8566        4.7667        4.6777        4.5895        4.5021        4.4157        4.3303        4.2460        4.1628        4.0808        4.0000
    80.00000     1        5.7891        5.6936        5.5986        5.5040        5.4099        5.3162        5.2231        5.1305        5.0385        4.9472        4.8566        4.7667        4.6777        4.5895        4.5021        4.4157        4.3303        4.2460        4.1628        4.0808        4.0000
    90.00000     1        5.7891        5.6936        5.5986        5.5040        5.4099        5.3162        5.2231        5.1305        5.0385        4.9472        4.8566        4.7667        4.6777        4.5895        4.5021        4.4157        4.3303        4.2460        4.1628        4.0808        4.0000
   100.00000     1        5.7891        5.6936        5.5986        5.5040        5.4099        5.3162        5.2231        5.1305        5.0385        4.9472        4.8566        4.7667        4.6777        4.5895        4.5021        4.4157        4.3303        4.2460        4.1628        4.0808        4.0000
   110.00000     1        5.7891        5.6936        5.5986        5.5040        5.4099        5.3162        5.2231        5.1305        5.0385        4.9472        4.8566        4.7667        4.6777        4.5895        4.5021        4.4157        4.3303        4.2460        4.1628        4.0808        4.0000
   120.00000     1        5.7891        5.6936        5.5986        5.5040        5.4099        5.3162        5.2231        5.1305        5.0385        4.9472        4.8566        4.7667        4.6777        4.5895        4.5021        4.4157        4.3303        4.2460        4.1628        4.0808        4.0000
   130.00000     1        5.7929        5.6936        5.5986        5.5040        5.4099        5.3162        5.2231        5.1305        5.0385        4.9472        4.8566        4.7667        4.6777        4.5895        4.5021        4.4157        4.3303        4.2460        4.1628        4.0808        4.0000
   140.00000     1        5.8004        5.6958        5.5990        5.5041        5.4099        5.3162        5.2231        5.1305        5.0385        4.9472        4.8566        4.7667        4.6777        4.5895        4.5021        4.4157        4.3303        4.2460        4.1628        4.0808        4.0000
   150.00000     1        5.8116        5.7004        5.6002        5.5044        5.4099        5.3162        5.2231        5.1305        5.0385        4.9472        4.8566        4.7667        4.6777        4.5895        4.5021        4.4157        4.3303        4.2460        4.1628        4.0808        4.0000
   160.00000     1        5.8262        5.7083        5.6034        5.5053        5.4102        5.3163        5.2231        5.1305        5.0385        4.9472        4.8566        4.7667        4.6777        4.5895        4.5021        4.4157        4.3303        4.2460        4.1628        4.0808        4.0000
   170.00000     1        5.8443        5.7196        5.6090        5.5075        5.4109        5.3165        5.2231        5.1305        5.0385        4.9472        4.8566        4.7667        4.6777        4.5895        4.5021        4.4157        4.3303        4.2460        4.1628        4.0808        4.0000
   180.00000     1        5.8657        5.7342        5.6175        5.5116        5.4125        5.3170        5.2233        5.1306        5.0386        4.9472        4.8566        4.7667        4.6777        4.5895        4.5021        4.4157        4.3303        4.2460        4.1628        4.0808        4.0000
   190.00000     1        5.8816        5.7522        5.6292        5.5180        5.4155        5.3182        5.2237        5.1307        5.0386        4.9472        4.8566        4.7667        4.6777        4.5895        4.5021        4.4157        4.3303        4.2460        4.1628        4.0808        4.0000
   200.00000     1        5.8928        5.7687        5.6433        5.5271        5.4204        5.3204        5.2246        5.1310        5.0387        4.9473        4.8566        4.7668        4.6777        4.5895        4.5021        4.4157        4.3303        4.2460        4.1628        4.0808        4.0000
   210.00000     1        5.8994        5.7826        5.6586        5.5386        5.4274        5.3241        5.2263        5.1317        5.0390        4.9474        4.8567        4.7668        4.6777        4.5895        4.5021        4.4157        4.3303        4.2460        4.1628        4.0808        4.0000
   220.00000     1        5.9020        5.7926        5.6727        5.5515        5.4365        5.3295        5.2290        5.1330        5.0395        4.9476        4.8567        4.7668        4.6777        4.5895        4.5021        4.4157        4.3303        4.2460        4.1628        4.0808        4.0000
   230.00000     1        5.9008        5.7988        5.6844        5.5648        5.4474        5.3368        5.2332        5.1350        5.0404        4.9479        4.8569        4.7668        4.6777        4.5895        4.5021        4.4157        4.3303        4.2460        4.1628        4.0808        4.0000
   240.00000     1        5.8960        5.8011        5.6930        5.5768        5.4591        5.3457        5.2389        5.1382        5.0420        4.9487        4.8572        4.7669        4.6777        4.5895        4.5021        4.4157        4.3303        4.2460        4.1628        4.0808        4.0000
   250.00000     1        5.8915        5.7998        5.6982        5.5868        5.4707        5.3559        5.2462        5.1428        5.0445        4.9499        4.8577        4.7672        4.6778        4.5895        4.5021        4.4157        4.3303        4.2460        4.1628        4.0808        4.0000
   260.00000     1        5.8872        5.7972        5.7004        5.5942        5.4812        5.3665        5.2548        5.1486        5.0480        4.9518        4.8586        4.7676        4.6780        4.5896        4.5022        4.4157        4.3303        4.2460        4.1628        4.0808        4.0000
   270.00000     1        5.8832        5.7938        5.7001        5.5988        5.4899        5.3767        5.2642        5.1558        5.0527        4.9545        4.8601        4.7683        4.6783        4.5897        4.5022        4.4158        4.3304        4.2460        4.1628        4.0808        4.0000
   280.00000     1        5.8793        5.7902        5.6985        5.6011        5.4964        5.3860        5.2738        5.1639        5.0586        4.9583        4.8623        4.7694        4.6789        4.5900        4.5023        4.4158        4.3304        4.2460        4.1628        4.0808        4.0000
   290.00000     1        5.8757        5.7866        5.6960        5.6015        5.5007        5.3936        5.2830        5.1727        5.0656        4.9631        4.8652        4.7711        4.6797        4.5904        4.5025        4.4159        4.3304        4.2460        4.1628        4.0808        4.0000
   300.00000     1        5.8722        5.7831        5.6931        5.6005        5.5030        5.3995        5.2913        5.1814        5.0733        4.9690        4.8692        4.7735        4.6811        4.5910        4.5028        4.4160        4.3305        4.2461        4.1628        4.0808        4.0000
   310.00000     1        5.8689        5.7796        5.6901        5.5988        5.5038        5.4036        5.2982        5.1897        5.0813        4.9756        4.8740        4.7766        4.6829        4.5921        4.5033        4.4163        4.3306        4.2461        4.1628        4.0808        4.0000
   320.00000     1        5.8657        5.7763        5.6869        5.5965        5.5034        5.4060        5.3036        5.1972        5.0894        4.9829        4.8797        4.7806        4.6855        4.5935        4.5041        4.4167        4.3308        4.2462        4.1629        4.0808        4.0000
   330.00000     1        5.8627        5.7731        5.6838        5.5939        5.5022        5.4071        5.3074        5.2035        5.0970        4.9904        4.8861        4.7855        4.6887        4.5956        4.5053        4.4173        4.3311        4.2463        4.1629        4.0808        4.0000
   340.00000     1        5.8598        5.7700        5.6807        5.5911        5.5004        5.4070        5.3099        5.2085        5.1038        4.9978        4.8930        4.7910        4.6927        4.5982        4.5069        4.4182        4.3315        4.2465        4.1630        4.0809        4.0000
   350.00000     1        5.8570        5.7671        5.6776        5.5882        5.4981        5.4062        5.3111        5.2122        5.1096        5.0048        4.9000        4.7971        4.6975        4.6015        4.5090        4.4194        4.3322        4.2469        4.1632        4.0809        4.0000
   360.00000     1        5.8543        5.7642        5.6746        5.5853        5.4957        5.4047        5.3114        5.2146        5.1142        5.0110        4.9068        4.8035        4.7028        4.6055        4.5117        4.4211        4.3332        4.2474        4.1634        4.0810        4.0000
   370.00000     1        5.8518        5.7615        5.6717        5.5824        5.4930        5.4028        5.3108        5.2160        5.1177        5.0164        4.9132        4.8100        4.7086        4.6101        4.5150        4.4233        4.3345        4.2481        4.1638        4.0811        4.0000
   380.00000     1        5.8493        5.7588        5.6689        5.5795        5.4903        5.4006        5.3096        5.2164        5.1201        5.0207        4.9189        4.8163        4.7146        4.6152        4.5189        4.4260        4.3362        4.2491        4.1643        4.0813        4.0000
   390.00000     1        5.8469        5.7562        5.6662        5.5767        5.4875        5.3982        5.3080        5.2160        5.1215        5.0240        4.9238        4.8222        4.7206        4.6206        4.5233        4.4292        4.3383        4.2504        4.1649        4.0816        4.0000
   400.00000     1        5.8445        5.7537        5.6635        5.5739        5.4847        5.3956        5.3060        5.2150        5.1220        5.0262        4.9278        4.8274        4.7264        4.6261        4.5280        4.4329        4.3409        4.2520        4.1658        4.0819        4.0000
   410.00000     1        5.8423        5.7512        5.6609        5.5711        5.4819        5.3929        5.3037        5.2135        5.1217        5.0276        4.9308        4.8319        4.7317        4.6316        4.5330        4.4369        4.3439        4.2540        4.1669        4.0824        4.0000
   420.00000     1        5.8400        5.7488        5.6583        5.5684        5.4791        5.3901        5.3011        5.2116        5.1208        5.0280        4.9329        4.8355        4.7364        4.6368        4.5380        4.4412        4.3472        4.2562        4.1683        4.0830        4.0000
   430.00000     1        5.8378        5.7465        5.6557        5.5657        5.4762        5.3873        5.2984        5.2093        5.1193        5.0277        4.9340        4.8381        4.7403        4.6414        4.5428        4.4456        4.3507        4.2588        4.1698        4.0837        4.0000
   440.00000     1        5.8357        5.7441        5.6532        5.5630        5.4734        5.3843        5.2956        5.2067        5.1173        5.0267        4.9343        4.8398        4.7433        4.6455        4.5472        4.4499        4.3544        4.2615        4.1716        4.0845        4.0000
   450.00000     1        5.8335        5.7417        5.6507        5.5603        5.4705        5.3813        5.2926        5.2039        5.1150        5.0251        4.9338        4.8406        4.7455        4.6487        4.5512        4.4539        4.3580        4.2643        4.1734        4.0854        4.0000
   460.00000     1        5.8313        5.7394        5.6481        5.5575        5.4676        5.3783        5.2895        5.2009        5.1122        5.0230        4.9326        4.8406        4.7467        4.6512        4.5544        4.4575        4.3614        4.2672        4.1754        4.0864        4.0000
   470.00000     1        5.8291        5.7370        5.6455        5.5548        5.4646        5.3752        5.2863        5.1977        5.1092        5.0204        4.9308        4.8398        4.7471        4.6527        4.5570        4.4606        4.3646        4.2699        4.1774        4.0874        4.0000
   480.00000     1        5.8269        5.7346        5.6430        5.5520        5.4617        5.3720        5.2829        5.1944        5.1060        5.0175        4.9284        4.8382        4.7466        4.6534        4.5587        4.4630        4.3673        4.2724        4.1793        4.0884        4.0000
   490.00000     1        5.8246        5.7322        5.6403        5.5491        5.4586        5.3688        5.2796        5.1909        5.1025        5.0142        4.9255        4.8361        4.7454        4.6532        4.5595        4.4647        4.3694        4.2745        4.1810        4.0894        4.0000
   500.00000     1        5.8224        5.7297        5.6377        5.5463        5.4556        5.3655        5.2761        5.1873        5.0989        5.0107        4.9223        4.8334        4.7435        4.6522        4.5595        4.4656        4.3709        4.2763        4.1825        4.0903        4.0000
   510.00000     1        5.8201        5.7273        5.6350        5.5434        5.4525        5.3622        5.2726        5.1836        5.0951        5.0069        4.9188        4.8302        4.7410        4.6506        4.5588        4.4658        4.3718        4.2775        4.1837        4.0910        4.0000
   520.00000     1        5.8178        5.7248        5.6324        5.5406        5.4494        5.3589        5.2691        5.1799        5.0913        5.0030        4.9150        4.8267        4.7380        4.6483        4.5574        4.4653        4.3720        4.2782        4.1845        4.0916        4.0000
   530.00000     1        5.8156        5.7224        5.6298        5.5378        5.4464        5.3556        5.2656        5.1762        5.0874        4.9991        4.9110        4.8230        4.7346        4.6455        4.5554        4.4641        4.3717        4.2784        4.1850        4.0920        4.0000
   540.00000     1        5.8134        5.7200        5.6272        5.5350        5.4434        5.3524        5.2621        5.1725        5.0835        4.9951        4.9070        4.8191        4.7310        4.6424        4.5529        4.4624        4.3707        4.2782        4.1851        4.0923        4.0000
   550.00000     1        5.8113        5.7177        5.6247        5.5323        5.4405        5.3493        5.2587        5.1689        5.0797        4.9911        4.9030        4.8151        4.7272        4.6389        4.5500        4.4602        4.3693        4.2774        4.1849        4.0923        4.0000
   560.00000     1        5.8092        5.7155        5.6223        5.5297        5.4376        5.3462        5.2555        5.1654        5.0760        4.9872        4.8990        4.8110        4.7232        4.6353        4.5469        4.4576        4.3675        4.2763        4.1844        4.0922        4.0000
   570.00000     1        5.8072        5.7134        5.6200        5.5272        5.4349        5.3433        5.2523        5.1620        5.0724        4.9834        4.8950        4.8071        4.7193        4.6316        4.5435        4.4549        4.3654        4.2749        4.1837        4.0919        4.0000
   580.00000     1        5.8054        5.7113        5.6178        5.5248        5.4324        5.3405        5.2494        5.1588        5.0690        4.9798        4.8913        4.8032        4.7155        4.6279        4.5401        4.4519        4.3630        4.2733        4.1827        4.0915        4.0000
   590.00000     1        5.8036        5.7094        5.6157        5.5226        5.4300        5.3379        5.2466        5.1558        5.0658        4.9764        4.8877        4.7995        4.7118        4.6242        4.5367        4.4489        4.3605        4.2714        4.1815        4.0909        4.0000
   600.00000     1        5.8020        5.7077        5.6138        5.5205        5.4277        5.3355        5.2439        5.1530        5.0628        4.9732        4.8843        4.7960        4.7082        4.6207        4.5334        4.4459        4.3580        4.2695        4.1802        4.0903        4.0000
   610.00000     1        5.8005        5.7060        5.6121        5.5186        5.4256        5.3333        5.2415        5.1504        5.0600        4.9702        4.8812        4.7927        4.7049        4.6174        4.5302        4.4429        4.3555        4.2675        4.1789        4.0896        4.0000
   620.00000     1        5.7991        5.7045        5.6104        5.5168        5.4237        5.3312        5.2393        5.1480        5.0574        4.9675        4.8783        4.7897        4.7017        4.6143        4.5271        4.4401        4.3530        4.2655        4.1775        4.0889        4.0000
   630.00000     1        5.7978        5.7032        5.6090        5.5152        5.4220        5.3293        5.2373        5.1458        5.0551        4.9650        4.8756        4.7869        4.6989        4.6114        4.5243        4.4374        4.3506        4.2636        4.1761        4.0882        4.0000
   640.00000     1        5.7967        5.7020        5.6076        5.5138        5.4204        5.3277        5.2355        5.1439        5.0530        4.9627        4.8732        4.7844        4.6962        4.6087        4.5216        4.4349        4.3484        4.2617        4.1748        4.0875        4.0000
   650.00000     1        5.7957        5.7009        5.6064        5.5125        5.4191        5.3261        5.2338        5.1421        5.0511        4.9607        4.8710        4.7821        4.6939        4.6063        4.5192        4.4326        4.3463        4.2600        4.1735        4.0868        4.0000
   660.00000     1        5.7948        5.6999        5.6054        5.5113        5.4178        5.3248        5.2324        5.1405        5.0494        4.9589        4.8691        4.7801        4.6917        4.6041        4.5170        4.4305        4.3443        4.2583        4.1723        4.0862        4.0000
   670.00000     1        5.7940        5.6990        5.6044        5.5103        5.4167        5.3236        5.2311        5.1392        5.0479        4.9573        4.8674        4.7782        4.6898        4.6021        4.5151        4.4286        4.3426        4.2568        4.1712        4.0856        4.0000
   680.00000     1        5.7933        5.6982        5.6036        5.5094        5.4157        5.3226        5.2299        5.1379        5.0466        4.9559        4.8659        4.7766        4.6881        4.6004        4.5133        4.4269        4.3410        4.2555        4.1702        4.0850        4.0000
   690.00000     1        5.7927        5.6976        5.6029        5.5086        5.4149        5.3216        5.2290        5.1369        5.0454        4.9546        4.8645        4.7752        4.6866        4.5988        4.5118        4.4254        4.3396        4.2542        4.1692        4.0845        4.0000
   700.00000     1        5.7921        5.6970        5.6023        5.5080        5.4141        5.3208        5.2281        5.1359        5.0444        4.9535        4.8634        4.7740        4.6853        4.5975        4.5104        4.4240        4.3383        4.2531        4.1684        4.0840        4.0000
   710.00000     1        5.7917        5.6965        5.6017        5.5074        5.4135        5.3201        5.2273        5.1351        5.0435        4.9526        4.8624        4.7729        4.6842        4.5963        4.5092        4.4228        4.3372        4.2521        4.1676        4.0836        4.0000
   720.00000     1        5.7913        5.6961        5.6012        5.5069        5.4129        5.3195        5.2267        5.1344        5.0428        4.9518        4.8615        4.7720        4.6832        4.5953        4.5081        4.4218        4.3362        4.2513        4.1670        4.0832        4.0000
   730.00000     1        5.7909        5.6957        5.6008        5.5064        5.4125        5.3190        5.2261        5.1338        5.0421        4.9511        4.8607        4.7712        4.6824        4.5944        4.5072        4.4209        4.3353        4.2505        4.1664        4.0829        4.0000
   740.00000     1        5.7906        5.6954        5.6005        5.5060        5.4121        5.3186        5.2256        5.1333        5.0415        4.9505        4.8601        4.7705        4.6816        4.5936        4.5064        4.4201        4.3346        4.2498        4.1659        4.0826        4.0000
   750.00000     1        5.7904        5.6951        5.6002        5.5057        5.4117        5.3182        5.2252        5.1328        5.0411        4.9500        4.8595        4.7699        4.6810        4.5930        4.5058        4.4194        4.3339        4.2493        4.1654        4.0823        4.0000
   760.00000     1        5.7902        5.6949        5.5999        5.5054        5.4114        5.3179        5.2249        5.1325        5.0407        4.9495        4.8591        4.7694        4.6805        4.5924        4.5052        4.4188        4.3334        4.2488        4.1650        4.0821        4.0000
   770.00000     1        5.7900        5.6947        5.5997        5.5052        5.4112        5.3176        5.2246        5.1321        5.0403        4.9491        4.8587        4.7690        4.6800        4.5919        4.5047        4.4183        4.3329        4.2483        4.1647        4.0819        4.0000
   780.00000     1        5.7898        5.6945        5.5995        5.5050        5.4109        5.3174        5.2243        5.1319        5.0400        4.9488        4.8583        4.7686        4.6796        4.5915        4.5043        4.4179        4.3325        4.2480        4.1644        4.0817        4.0000
   790.00000     1        5.7897        5.6943        5.5994        5.5048        5.4108        5.3172        5.2241        5.1316        5.0398        4.9486        4.8581        4.7683        4.6793        4.5912        4.5039        4.4176        4.3321        4.2477        4.1641        4.0816        4.0000
   800.00000     1        5.7896        5.6942        5.5993        5.5047        5.4106        5.3170        5.2240        5.1315        5.0396        4.9483        4.8578        4.7680        4.6790        4.5909        4.5036        4.4173        4.3318        4.2474        4.1639        4.0814        4.0000
   810.00000     1        5.7895        5.6941        5.5991        5.5046        5.4105        5.3169        5.2238        5.1313        5.0394        4.9482        4.8576        4.7678        4.6788        4.5907        4.5034        4.4170        4.3316        4.2472        4.1637        4.0813        4.0000
   820.00000     1        5.7894        5.6940        5.5991        5.5045        5.4104        5.3168        5.2237        5.1312        5.0392        4.9480        4.8574        4.7676        4.6786        4.5905        4.5032        4.4168        4.3314        4.2470        4.1636        4.0812        4.0000
   830.00000     1        5.7894        5.6940        5.5990        5.5044        5.4103        5.3167        5.2236        5.1310        5.0391        4.9479        4.8573        4.7675        4.6785        4.5903        4.5030        4.4166        4.3312        4.2468        4.1635        4.0812        4.0000
   840.00000     1        5.7893        5.6939        5.5989        5.5043        5.4102        5.3166        5.2235        5.1310        5.0390        4.9478        4.8572        4.7674        4.6783        4.5901        4.5028        4.4165        4.3311        4.2467        4.1634        4.0811        4.0000
   850.00000     1        5.7893        5.6939        5.5989        5.5043        5.4102        5.3165        5.2234        5.1309        5.0389        4.9477        4.8571        4.7672        4.6782        4.5900        4.5027        4.4163        4.3309        4.2466        4.1633        4.0811        4.0000
   860.00000     1        5.7892        5.6938        5.5988        5.5042        5.4101        5.3165        5.2234        5.1308        5.0389        4.9476        4.8570        4.7672        4.6781        4.5899        4.5026        4.4162        4.3308        4.2465        4.1632        4.0810        4.0000
   870.00000     1        5.7892        5.6938        5.5988        5.5042        5.4101        5.3164        5.2233        5.1308        5.0388        4.9475        4.8569        4.7671        4.6780        4.5898        4.5025        4.4161        4.3307        4.2464        4.1631        4.0810        4.0000
   880.00000     1        5.7892        5.6938        5.5988        5.5042        5.4100        5.3164        5.2233        5.1307        5.0388        4.9475        4.8569        4.7670        4.6780        4.5898        4.5024        4.4161        4.3307        4.2463        4.1631        4.0809        4.0000
   890.00000     1        5.7891        5.6937        5.5987        5.5041        5.4100        5.3164        5.2232        5.1307        5.0387        4.9474        4.8568        4.7670        4.6779        4.5897        4.5024        4.4160        4.3306        4.2463        4.1630        4.0809        4.0000
   900.00000     1        5.7891        5.6937        5.5987        5.5041        5.4100        5.3163        5.2232        5.1306        5.0387        4.9474        4.8568        4.7669        4.6779        4.5897        4.5023        4.4160        4.3306        4.2462        4.1630        4.0809        4.0000
   910.00000     1        5.7891        5.6937        5.5987        5.5041        5.4100        5.3163        5.2232        5.1306        5.0387        4.9474        4.8568        4.7669        4.6778        4.5896        4.5023        4.4159        4.3305        4.2462        4.1630        4.0809        4.0000
   920.00000     1        5.7891        5.6937        5.5987        5.5041        5.4099        5.3163        5.2232        5.1306        5.0386        4.9473        4.8567        4.7669        4.6778        4.5896        4.5023        4.4159        4.3305        4.2462        4.1629        4.0809        4.0000
   930.00000     1        5.7891        5.6937        5.5987        5.5041        5.4099        5.3163        5.2231        5.1306        5.0386        4.9473        4.8567        4.7669        4.6778        4.5896        4.5022        4.4159        4.3305        4.2461        4.1629        4.0808        4.0000
   940.00000     1        5.7891        5.6937        5.5987        5.5041        5.4099        5.3163        5.2231        5.1306        5.0386        4.9473        4.8567        4.7668        4.6778        4.5895        4.5022        4.4158        4.3304        4.2461        4.1629        4.0808        4.0000
   950.00000     1        5.7891        5.6937        5.5987        5.5041        5.4099        5.3162        5.2231        5.1306        5.0386        4.9473        4.8567        4.7668        4.6778        4.5895        4.5022        4.4158        4.3304        4.2461        4.1629        4.0808        4.0000
   960.00000     1        5.7891        5.6937        5.5986        5.5040        5.4099        5.3162        5.2231        5.1305        5.0386        4.9473        4.8567        4.7668        4.6777        4.5895        4.5022        4.4158        4.3304        4.2461        4.1629        4.0808        4.0000
   970.00000     1        5.7891        5.6937        5.5986        5.5040        5.4099        5.3162        5.2231        5.1305        5.0386        4.9473        4.8567        4.7668        4.6777        4.5895        4.5022        4.4158        4.3304        4.2461        4.1629        4.0808        4.0000
   980.00000     1        5.7891        5.6937        5.5986        5.5040        5.4099        5.3162        5.2231        5.1305        5.0386        4.9473        4.8567        4.7668        4.6777        4.5895        4.5022        4.4158        4.3304        4.2461        4.1628        4.0808        4.0000
   990.00000     1        5.7891        5.6937        5.5986        5.5040        5.4099        5.3162        5.2231        5.1305        5.0386        4.9473        4.8566        4.7668        4.6777        4.5895        4.5022        4.4158        4.3304        4.2461        4.1628        4.0808        4.0000
  1000.00000     1        5.7891        5.6937        5.5986        5.5040        5.4099        5.3162        5.2231        5.1305        5.0386        4.9473        4.8566        4.7668        4.6777        4.5895        4.5021        4.4158        4.3304        4.2460        4.1628        4.0808        4.0000
  1010.00000     1        5.7891        5.6936        5.5986        5.5040        5.4099        5.3162        5.2231        5.1305        5.0386        4.9472        4.8566        4.7668        4.6777        4.5895        4.5021        4.4158        4.3304        4.2460        4.1628        4.0808        4.0000
  1020.00000     1        5.7891        5.6936        5.5986        5.5040        5.4099        5.3162        5.2231        5.1305        5.0386        4.9472        4.8566        4.7668        4.6777        4.5895        4.5021        4.4157        4.3304        4.2460        4.1628        4.0808        4.0000
  1030.00000     1        5.7891        5.6936        5.5986        5.5040        5.4099        5.3162        5.2231        5.1305        5.0386        4.9472        4.8566        4.7668        4.6777        4.5895        4.5021        4.4157        4.3304        4.2460        4.1628        4.0808        4.0000
  1040.00000     1        5.7891        5.6936        5.5986        5.5040        5.4099        5.3162        5.2231        5.1305        5.0385        4.9472        4.8566        4.7668        4.6777        4.5895        4.5021        4.4157        4.3304        4.2460        4.1628        4.0808        4.0000
  1050.00000     1        5.7891        5.6936        5.5986        5.5040        5.4099        5.3162        5.2231        5.1305        5.0385        4.9472        4.8566        4.7668        4.6777        4.5895        4.5021        4.4157        4.3304        4.2460        4.1628        4.0808        4.0000
  1060.00000     1        5.7891        5.6936        5.5986        5.5040        5.4099        5.3162        5.2231        5.1305        5.0385        4.9472        4.8566        4.7668        4.6777        4.5895        4.5021        4.4157        4.3304        4.2460        4.1628        4.0808        4.0000
  1070.00000     1        5.7891        5.6936        5.5986        5.5040        5.4099        5.3162        5.2231        5.1305        5.0385        4.9472        4.8566        4.7668        4.6777        4.5895        4.5021        4.4157        4.3303        4.2460        4.1628        4.0808        4.0000
  1080.00000     1        5.7891        5.6936        5.5986        5.5040        5.4099        5.3162        5.2231        5.1305        5.0385        4.9472        4.8566        4.7668        4.6777        4.5895        4.5021        4.4157        4.3303        4.2460        4.1628        4.0808        4.0000
  1090.00000     1        5.7891        5.6936        5.5986        5.5040        5.4099        5.3162        5.2231        5.1305        5.0385        4.9472        4.8566        4.7668        4.6777        4.5895        4.5021        4.4157        4.3303        4.2460        4.1628        4.0808        4.0000
  1100.00000     1        5.7891        5.6936        5.5986        5.5040        5.4099        5.3162        5.2231        5.1305        5.0385        4.9472        4.8566        4.7668        4.6777        4.5895        4.5021        4.4157        4.3303        4.2460        4.1628        4.0808        4.0000
  1110.00000     1        5.7891        5.6936        5.5986        5.5040        5.4099        5.3162        5.2231        5.1305        5.0385        4.9472        4.8566        4.7668        4.6777        4.5895        4.5021        4.4157        4.3303        4.2460        4.1628        4.0808        4.0000
  1120.00000     1        5.7891        5.6936        5.5986        5.5040        5.4099        5.3162        5.2231        5.1305        5.0385        4.9472        4.8566        4.7667        4.6777        4.5895        4.5021        4.4157        4.3303        4.2460        4.1628        4.0808        4.0000
  1130.00000     1        5.7891        5.6936        5.5986        5.5040        5.4099        5.3162        5.2231        5.1305        5.0385        4.9472        4.8566        4.7667        4.6777        4.5895        4.5021        4.4157        4.3303        4.2460        4.1628        4.0808        4.0000
  1140.00000     1        5.7891        5.6936        5.5986        5.5040        5.4099        5.3162        5.2231        5.1305        5.0385        4.9472        4.8566        4.7667        4.6777        4.5895        4.5021        4.4157        4.3303        4.2460        4.1628        4.0808        4.0000
  1150.00000     1        5.7891        5.6936        5.5986        5.5040        5.4099        5.3162        5.2231        5.1305        5.0385        4.9472        4.8566        4.7667        4.6777        4.5895        4.5021        4.4157        4.3303        4.2460        4.1628        4.0808        4.0000
  1160.00000     1        5.7891        5.6936        5.5986        5.5040        5.4099        5.3162        5.2231        5.1305        5.0385        4.9472        4.8566        4.7667        4.6777        4.5895        4.5021        4.4157        4.3303        4.2460        4.1628        4.0808        4.0000
  1170.00000     1        5.7891        5.6936        5.5986        5.5040        5.4099        5.3162        5.2231        5.1305        5.0385        4.9472        4.8566        4.7667        4.6777        4.5895        4.5021        4.4157        4.3303        4.2460        4.1628        4.0808        4.0000
  1180.00000     1        5.7891        5.6936        5.5986        5.5040        5.4099        5.3162        5.2231        5.1305        5.0385        4.9472        4.8566        4.7667        4.6777        4.5895        4.5021        4.4157        4.3303        4.2460        4.1628        4.0808        4.0000
  1190.00000     1        5.7891        5.6936        5.5986        5.5040        5.4099        5.3162        5.2231        5.1305        5.0385        4.9472        4.8566        4.7667        4.6777        4.5895        4.5021        4.4157        4.3303        4.2460        4.1628        4.0808        4.0000
  1200.00000     1        5.7891        5.6936        5.5986        5.5040        5.4099        5.3162        5.2231        5.1305        5.0385        4.9472        4.8566        4.7667        4.6777        4.5895        4.5021        4.4157        4.3303        4.2460        4.1628        4.0808        4.0000
  1210.00000     1        5.7891        5.6936        5.5986        5.5040        5.4099        5.3162        5.2231        5.1305        5.0385        4.9472        4.8566        4.7667        4.6777        4.5895        4.5021        4.4157        4.3303        4.2460        4.1628        4.0808        4.0000
  1220.00000     1        5.7891        5.6936        5.5986        5.5040        5.4099        5.3162        5.2231        5.1305        5.0385        4.9472        4.8566        4.7667        4.6777        4.5895        4.5021        4.4157        4.3303        4.2460        4.1628        4.0808        4.0000
  1230.00000     1        5.7891        5.6936        5.5986        5.5040        5.4099        5.3162        5.2231        5.1305        5.0385        4.9472        4.8566        4.7667        4.6777        4.5895        4.5021        4.4157        4.3303        4.2460        4.1628        4.0808        4.0000
  1240.00000     1        5.7891        5.6936        5.5986        5.5040        5.4099        5.3162        5.2231        5.1305        5.0385        4.9472        4.8566        4.7667        4.6777        4.5895        4.5021        4.4157        4.3303        4.2460        4.1628        4.0808        4.0000
  1250.00000     1        5.7891        5.6936        5.5986        5.5040        5.4099        5.3162        5.2231        5.1305        5.0385        4.9472        4.8566        4.7667        4.6777        4.5895        4.5021        4.4157        4.3303        4.2460        4.1628        4.0808        4.0000
  1260.00000     1        5.7891        5.6936        5.5986        5.5040        5.4099        5.3162        5.2231        5.1305        5.0385        4.9472        4.8566        4.7667        4.6777        4.5895        4.5021        4.4157        4.3303        4.2460        4.1628        4.0808        4.0000
  1270.00000     1        5.7891        5.6936        5.5986        5.5040        5.4099        5.3162        5.2231        5.1305        5.0385        4.9472        4.8566        4.7667        4.6777        4.5895        4.5021        4.4157        4.3303        4.2460        4.1628        4.0808        4.0000
  1280.00000     1        5.7891        5.6936        5.5986        5.5040        5.4099        5.3162        5.2231        5.1305        5.0385        4.9472        4.8566        4.7667        4.6777        4.5895        4.5021        4.4157        4.3303        4.2460        4.1628        4.0808        4.0000
  1290.00000     1        5.7891        5.6936        5.5986        5.5040        5.4099        5.3162        5.2231        5.1305        5.0385        4.9472        4.8566        4.7667        4.6777        4.5895        4.5021        4.4157        4.3303        4.2460        4.1628        4.0808        4.0000
  1300.00000     1        5.7891        5.6936        5.5986        5.5040        5.4099        5.3162        5.2231        5.1305        5.0385        4.9472        4.8566        4.7667        4.6777        4.5895        4.5021        4.4157        4.3303        4.2460        4.1628        4.0808        4.0000
  1310.00000     1        5.7891        5.6936        5.5986        5.5040        5.4099        5.3162        5.2231        5.1305        5.0385        4.9472        4.8566        4.7667        4.6777        4.5895        4.5021        4.4157        4.3303        4.2460        4.1628        4.0808        4.0000
  1320.00000     1        5.7891        5.6936        5.5986        5.5040        5.4099        5.3162        5.2231        5.1305        5.0385        4.9472        4.8566        4.7667        4.6777        4.5895        4.5021        4.4157        4.3303        4.2460        4.1628        4.0808        4.0000
  1330.00000     1        5.7891        5.6936        5.5986        5.5040        5.4099        5.3162        5.2231        5.1305        5.0385        4.9472        4.8566        4.7667        4.6777        4.5895        4.5021        4.4157        4.3303        4.2460        4.1628        4.0808        4.0000
  1340.00000     1        5.7891        5.6936        5.5986        5.5040        5.4099        5.3162        5.2231        5.1305        5.0385        4.9472        4.8566        4.7667        4.6777        4.5895        4.5021        4.4157        4.3303        4.2460        4.1628        4.0808        4.0000
  1350.00000     1        5.7891        5.6936        5.5986        5.5040        5.4099        5.3162        5.2231        5.1305        5.0385        4.9472        4.8566        4.7667        4.6777        4.5895        4.5021        4.4157        4.3303        4.2460        4.1628        4.0808        4.0000
  1360.00000     1        5.7891        5.6936        5.5986        5.5040        5.4099        5.3162        5.2231        5.1305        5.0385        4.9472        4.8566        4.7667        4.6777        4.5895        4.5021        4.4157        4.3303        4.2460        4.1628        4.0808        4.0000
  1370.00000     1        5.7891        5.6936        5.5986        5.5040        5.4099        5.3162        5.2231        5.1305        5.0385        4.9472        4.8566        4.7667        4.6777        4.5895        4.5021        4.4157        4.3303        4.2460        4.1628        4.0808        4.0000
  1380.00000     1        5.7891        5.6936        5.5986        5.5040        5.4099        5.3162        5.2231        5.1305        5.0385        4.9472        4.8566        4.7667        4.6777        4.5895        4.5021        4.4157        4.3303        4.2460        4.1628        4.0808        4.0000
  1390.00000     1        5.7891        5.6936        5.5986        5.5040        5.4099        5.3162        5.2231        5.1305        5.0385        4.9472        4.8566        4.7667        4.6777        4.5895        4.5021        4.4157        4.3303        4.2460        4.1628        4.0808        4.0000
  1400.00000     1        5.7891        5.6936        5.5986        5.5040        5.4099        5.3162        5.2231        5.1305        5.0385        4.9472        4.8566        4.7667        4.6777        4.5895        4.5021        4.4157        4.3303        4.2460        4.1628        4.0808        4.0000
  1410.00000     1        5.7891        5.6936        5.5986        5.5040        5.4099        5.3162        5.2231        5.1305        5.0385        4.9472        4.8566        4.7667        4.6777        4.5895        4.5021        4.4157        4.3303        4.2460        4.1628        4.0808        4.0000
  1420.00000     1        5.7891        5.6936        5.5986        5.5040        5.4099        5.3162        5.2231        5.1305        5.0385        4.9472        4.8566        4.7667        4.6777        4.5895        4.5021        4.4157        4.3303        4.2460        4.1628        4.0808        4.0000
  1430.00000     1        5.7891        5.6936        5.5986        5.5040        5.4099        5.3162        5.2231        5.1305        5.0385        4.9472        4.8566        4.7667        4.6777        4.5895        4.5021        4.4157        4.3303        4.2460        4.1628        4.0808        4.0000
  1440.00000     1        5.7891        5.6936        5.5986        5.5040        5.4099        5.3162        5.2231        5.1305        5.0385        4.9472        4.8566        4.7667        4.6777        4.5895        4.5021        4.4157        4.3303        4.2460        4.1628        4.0808        4.0000
