     0.00000     1       20.0000       20.0000       20.0000       20.0000       20.0000       20.0000       20.0000       20.0000       20.0000       20.0000       20.0000       20.0000       20.0000       20.0000       20.0000       20.0000       20.0000       20.0000       20.0000       20.0000       20.0000
    10.00000     1       20.0000       20.0000       20.0000       20.0000       20.0000       20.0000       20.0000       20.0000       20.0000       20.0000       20.0000       20.0000       20.0000       20.0000       20.0000       20.0000       20.0000       20.0000       20.0000       20.0000       20.0000
    20.00000     1       20.0000       20.0000       20.0000       20.0000       20.0000       20.0000       20.0000       20.0000       20.0000       20.0000       20.0000       20.0000       20.0000       20.0000       20.0000       20.0000       20.0000       20.0000       20.0000       20.0000       20.0000
    30.00000     1       20.0000       20.0000       20.0000       20.0000       20.0000       20.0000       20.0000       20.0000       20.0000       20.0000       20.0000       20.0000       20.0000       20.0000       20.0000       20.0000       20.0000       20.0000       20.0000       20.0000       20.0000
    40.00000     1       20.0000       20.0000       20.0000       20.0000       20.0000       20.0000       20.0000       20.0000       20.0000       20.0000       20.0000       20.0000       20.0000       20.0000       20.0000       20.0000       20.0000       20.0000       20.0000       20.0000       20.0000
    50.00000     1       20.0000       20.0000       20.0000       20.0000       20.0000       20.0000       20.0000       20.0000       20.0000       20.0000       20.0000       20.0000       20.0000       20.0000       20.0000       20.0000       20.0000       20.0000       20.0000       20.0000       20.0000
    60.00000     1       20.0000       20.0000       20.0000       20.0000       20.0000       20.0000       20.0000       20.0000       20.0000       20.0000       20.0000       20.0000       20.0000       20.0000       20.0000       20.0000       20.0000       20.0000       20.0000       20.0000       20.0000
    70.00000     1       20.0000       20.0000       20.0000       20.0000       20.0000       20.0000       20.0000       20.0000       20.0000       20.0000       20.0000       20.0000       20.0000       20.0000       20.0000       20.0000       20.0000       20.0000       20.0000       20.0000       20.0000
    80.00000     1       20.0000       20.0000       20.0000       20.0000       20.0000       20.0000       20.0000       20.0000       20.0000       20.0000       20.0000       20.0000       20.0000       20.0000       20.0000       20.0000       20.0000       20.0000       20.0000       20.0000       20.0000
    90.00000     1       20.0000       20.0000       20.0000       20.0000       20.0000       20.0000       20.0000       20.0000       20.0000       20.0000       20.0000       20.0000       20.0000       20.0000       20.0000       20.0000       20.0000       20.0000       20.0000       20.0000       20.0000
   100.00000     1       20.0000       20.0000       20.0000       20.0000       20.0000       20.0000       20.0000       20.0000       20.0000       20.0000       20.0000       20.0000       20.0000       20.0000       20.0000       20.0000       20.0000       20.0000       20.0000       20.0000       20.0000
   110.00000     1       20.0000       20.0000       20.0000       20.0000       20.0000       20.0000       20.0000       20.0000       20.0000       20.0000       20.0000       20.0000       20.0000       20.0000       20.0000       20.0000       20.0000       20.0000       20.0000       20.0000       20.0000
   120.00000     1       20.0000       20.0000       20.0000       20.0000       20.0000       20.0000       20.0000       20.0000       20.0000       20.0000       20.0000       20.0000       20.0000       20.0000       20.0000       20.0000       20.0000       20.0000       20.0000       20.0000       20.0000
   130.00000     1       20.8333       20.0000       20.0000       20.0000       20.0000       20.0000       20.0000       20.0000       20.0000       20.0000       20.0000       20.0000       20.0000       20.0000       20.0000       20.0000       20.0000       20.0000       20.0000       20.0000       20.0000
   140.00000     1       21.6667       20.3348       20.0558       20.0093       20.0015       20.0003       20.0000       20.0000       20.0000       20.0000       20.0000       20.0000       20.0000       20.0000       20.0000       20.0000       20.0000       20.0000       20.0000       20.0000       20.0000
   150.00000     1       22.5000       20.9233       20.2276       20.0502       20.0104       20.0021       20.0004       20.0001       20.0000       20.0000       20.0000       20.0000       20.0000       20.0000       20.0000       20.0000       20.0000       20.0000       20.0000       20.0000       20.0000
   160.00000     1       23.3333       21.6082       20.5950       20.1756       20.0457       20.0110       20.0025       20.0005       20.0001       20.0000       20.0000       20.0000       20.0000       20.0000       20.0000       20.0000       20.0000       20.0000       20.0000       20.0000       20.0000
   170.00000     1       24.1667       22.3502       21.1227       20.4222       20.1344       20.0382       20.0100       20.0025       20.0006       20.0001       20.0000       20.0000       20.0000       20.0000       20.0000       20.0000       20.0000       20.0000       20.0000       20.0000       20.0000
   180.00000     1       25.0000       23.1270       21.7518       20.8089       20.3110       20.1042       20.0316       20.0089       20.0023       20.0006       20.0001       20.0000       20.0000       20.0000       20.0000       20.0000       20.0000       20.0000       20.0000       20.0000       20.0000
   190.00000     1       24.1667       23.9268       22.4503       21.3178       20.5967       20.2330       20.0809       20.0257       20.0076       20.0021       20.0006       20.0001       20.0000       20.0000       20.0000       20.0000       20.0000       20.0000       20.0000       20.0000       20.0000
   200.00000     1       23.3333       24.0426       23.0782       21.8993       20.9923       20.4458       20.1765       20.0630       20.0207       20.0064       20.0018       20.0005       20.0001       20.0000       20.0000       20.0000       20.0000       20.0000       20.0000       20.0000       20.0000
   210.00000     1       22.5000       23.6606       23.4901       22.4804       21.4728       20.7516       20.3362       20.1346       20.0491       20.0166       20.0053       20.0016       20.0005       20.0001       20.0000       20.0000       20.0000       20.0000       20.0000       20.0000       20.0000
   220.00000     1       21.6667       23.1011       23.5165       22.9317       21.9792       21.1385       20.5715       20.2552       20.1032       20.0384       20.0133       20.0043       20.0013       20.0004       20.0001       20.0000       20.0000       20.0000       20.0000       20.0000       20.0000
   230.00000     1       20.8333       22.4400       23.2421       23.1646       22.4354       21.5728       20.8807       20.4365       20.1948       20.0794       20.0300       20.0106       20.0035       20.0011       20.0003       20.0001       20.0000       20.0000       20.0000       20.0000       20.0000
   240.00000     1       20.0000       21.7212       22.7870       23.1395       22.7571       21.9986       21.2442       20.6816       20.3344       20.1492       20.0613       20.0234       20.0084       20.0029       20.0009       20.0003       20.0001       20.0000       20.0000       20.0000       20.0000
   250.00000     1       20.0000       20.9667       22.2140       22.8979       22.8950       22.3540       21.6259       20.9814       20.5279       20.2569       20.1146       20.0474       20.0183       20.0067       20.0023       20.0008       20.0002       20.0001       20.0000       20.0000       20.0000
   260.00000     1       20.0000       20.5368       21.6207       22.5065       22.8400       22.5860       21.9794       21.3137       20.7727       20.4093       20.1979       20.0883       20.0367       20.0143       20.0053       20.0019       20.0006       20.0002       20.0001       20.0000       20.0000
   270.00000     1       20.0000       20.3408       21.0976       22.0325       22.6204       22.6667       22.2584       21.6455       21.0561       20.6076       20.3177       20.1527       20.0681       20.0285       20.0112       20.0042       20.0015       20.0005       20.0002       20.0001       20.0000
   280.00000     1       20.0000       20.2240       20.7386       21.5627       22.2886       22.5968       22.4282       21.9389       21.3557       20.8457       20.4775       20.2469       20.1181       20.0527       20.0221       20.0088       20.0033       20.0012       20.0004       20.0001       20.0001
   290.00000     1       20.0000       20.1521       20.5091       21.1567       21.9030       22.4015       22.4732       22.1601       21.6427       21.1092       20.6752       20.3751       20.1921       20.0915       20.0408       20.0172       20.0069       20.0026       20.0010       20.0003       20.0001
   300.00000     1       20.0000       20.1053       20.3559       20.8456       21.5230       22.1222       22.3989       22.2862       21.8873       21.3771       20.9024       20.5378       20.2945       20.1496       20.0710       20.0317       20.0134       20.0054       20.0021       20.0008       20.0003
   310.00000     1       20.0000       20.0741       20.2521       20.6183       21.1869       21.8042       22.2274       22.3091       22.0648       21.6254       21.1448       20.7309       20.4276       20.2313       20.1166       20.0552       20.0246       20.0104       20.0042       20.0017       20.0007
   320.00000     1       20.0000       20.0527       20.1804       20.4531       20.9117       21.4881       21.9911       22.2362       22.1600       21.8308       21.3838       20.9452       20.5898       20.3395       20.1816       20.0910       20.0429       20.0192       20.0082       20.0034       20.0015
   330.00000     1       20.0000       20.0379       20.1303       20.3333       20.6953       21.2005       21.7239       22.0862       22.1695       21.9752       21.5992       21.1669       20.7759       20.4746       20.2692       20.1426       20.0710       20.0334       20.0149       20.0065       20.0031
   340.00000     1       20.0000       20.0275       20.0948       20.2460       20.5282       20.9541       21.4548       21.8842       22.1008       22.0486       21.7732       21.3800       20.9764       20.6340       20.3809       20.2133       20.1120       20.0555       20.0261       20.0118       20.0059
   350.00000     1       20.0000       20.0201       20.0694       20.1824       20.4008       20.7508       21.2038       21.6559       21.9693       22.0500       21.8924       21.5680       21.1788       20.8116       20.5160       20.3051       20.1689       20.0880       20.0434       20.0207       20.0108
   360.00000     1       20.0000       20.0147       20.0511       20.1356       20.3039       20.5870       20.9815       21.4228       21.7947       21.9865       21.9501       21.7167       21.3691       20.9983       20.6709       20.4186       20.2440       20.1337       20.0693       20.0345       20.0188
   370.00000     1       20.0000       20.0109       20.0378       20.1013       20.2306       20.4568       20.7915       21.2007       21.5966       21.8707       21.9468       21.8165       21.5341       21.1829       20.8393       20.5520       20.3386       20.1949       20.1059       20.0554       20.0314
   380.00000     1       20.0000       20.0081       20.0281       20.0758       20.1751       20.3545       20.6331       20.9988       21.3920       21.7181       21.8886       21.8629       21.6626       21.3535       21.0127       20.7013       20.4523       20.2733       20.1557       20.0852       20.0503
   390.00000     1       20.0000       20.0060       20.0210       20.0569       20.1331       20.2746       20.5034       20.8215       21.1933       21.5442       21.7860       21.8568       21.7473       21.4992       21.1812       20.8604       20.5829       20.3695       20.2206       20.1263       20.0777
   400.00000     1       20.0000       20.0045       20.0157       20.0429       20.1013       20.2124       20.3983       20.6697       21.0090       21.3624       21.6514       21.8037       21.7853       21.6113       21.3348       21.0213       20.7261       20.4824       20.3015       20.1806       20.1154
   410.00000     1       20.0000       20.0034       20.0118       20.0324       20.0772       20.1642       20.3142       20.5421       20.8436       21.1833       21.4971       21.7123       21.7777       21.6842       21.4644       21.1755       20.8760       20.6094       20.3985       20.2495       20.1656
   420.00000     1       20.0000       20.0025       20.0089       20.0245       20.0589       20.1269       20.2471       20.4363       20.6987       21.0142       21.3342       21.5924       21.7293       21.7159       21.5631       21.3143       21.0254       20.7463       20.5101       20.3335       20.2297
   430.00000     1       20.0000       20.0019       20.0067       20.0186       20.0451       20.0981       20.1940       20.3496       20.5743       20.8597       21.1716       21.4544       21.6473       21.7076       21.6266       21.4304       21.1668       20.8874       20.6335       20.4322       20.3084
   440.00000     1       20.0000       20.0014       20.0051       20.0141       20.0345       20.0758       20.1521       20.2791       20.4691       20.7218       21.0158       21.3073       21.5398       21.6634       21.6534       21.5180       21.2929       21.0264       20.7645       20.5436       20.4017
   450.00000     1       20.0000       20.0011       20.0039       20.0108       20.0264       20.0587       20.1191       20.2222       20.3812       20.6013       20.8712       21.1588       21.4154       21.5894       21.6449       21.5738       21.3975       21.1566       20.8978       20.6649       20.5081
   460.00000     1       20.0000       20.0008       20.0029       20.0082       20.0203       20.0454       20.0932       20.1764       20.3084       20.4975       20.7402       21.0148       21.2818       21.4924       21.6046       21.5969       21.4760       21.2718       21.0278       20.7918       20.6250
   470.00000     1       20.0000       20.0006       20.0022       20.0063       20.0156       20.0351       20.0729       20.1399       20.2486       20.4093       20.6238       20.8793       21.1455       21.3796       21.5375       21.5885       21.5256       21.3667       21.1484       20.9193       20.7487
   480.00000     1       20.0000       20.0005       20.0017       20.0048       20.0120       20.0272       20.0570       20.1107       20.1998       20.3351       20.5221       20.7548       21.0119       21.2575       21.4495       21.5516       21.5458       21.4376       21.2544       21.0421       20.8747
   490.00000     1       20.0000       20.0004       20.0013       20.0037       20.0092       20.0211       20.0446       20.0875       20.1602       20.2733       20.4344       20.6428       20.8847       21.1320       21.3466       21.4906       21.5377       21.4822       21.3413       21.1549       20.9977
   500.00000     1       20.0000       20.0003       20.0010       20.0028       20.0071       20.0164       20.0348       20.0691       20.1281       20.2220       20.3595       20.5435       20.7665       21.0076       21.2346       21.4103       21.5040       21.5002       21.4059       21.2530       21.1127
   510.00000     1       20.0000       20.0002       20.0008       20.0022       20.0055       20.0127       20.0272       20.0546       20.1023       20.1799       20.2963       20.4568       20.6588       20.8881       21.1185       21.3161       21.4482       21.4926       21.4463       21.3324       21.2147
   520.00000     1       20.0000       20.0002       20.0006       20.0017       20.0043       20.0099       20.0213       20.0431       20.0816       20.1454       20.2432       20.3818       20.5622       20.7758       21.0025       21.2129       21.3748       21.4616       21.4624       21.3904       21.2997
   530.00000     1       20.0000       20.0001       20.0005       20.0013       20.0033       20.0077       20.0167       20.0340       20.0650       20.1172       20.1989       20.3177       20.4768       20.6724       20.8899       21.1052       21.2882       21.4105       21.4549       21.4257       21.3646
   540.00000     1       20.0000       20.0001       20.0004       20.0010       20.0026       20.0060       20.0131       20.0268       20.0518       20.0944       20.1623       20.2632       20.4022       20.5786       20.7832       20.9967       21.1927       21.3429       21.4260       21.4379       21.4076
   550.00000     1       20.0000       20.0001       20.0003       20.0008       20.0020       20.0047       20.0102       20.0211       20.0412       20.0758       20.1320       20.2173       20.3376       20.4949       20.6839       20.8906       21.0925       21.2629       21.3784       21.4282       21.4279
   560.00000     1       20.0000       20.0001       20.0002       20.0006       20.0015       20.0036       20.0080       20.0167       20.0327       20.0609       20.1072       20.1788       20.2821       20.4209       20.5931       20.7891       20.9908       21.1743       21.3154       21.3985       21.4263
   570.00000     1       20.0000       20.0000       20.0002       20.0005       20.0012       20.0028       20.0063       20.0131       20.0260       20.0488       20.0869       20.1467       20.2349       20.3562       20.5112       20.6939       20.8905       21.0805       21.2406       21.3513       21.4041
   580.00000     1       20.0000       20.0000       20.0001       20.0004       20.0009       20.0022       20.0049       20.0104       20.0207       20.0391       20.0703       20.1201       20.1949       20.3000       20.4380       20.6060       20.7939       20.9849       21.1573       21.2897       21.3638
   590.00000     1       20.0000       20.0000       20.0001       20.0003       20.0007       20.0017       20.0039       20.0082       20.0164       20.0313       20.0568       20.0981       20.1612       20.2518       20.3735       20.5259       20.7025       20.8898       21.0688       21.2169       21.3081
   600.00000     1       20.0000       20.0000       20.0001       20.0002       20.0006       20.0014       20.0030       20.0065       20.0130       20.0250       20.0458       20.0800       20.1330       20.2105       20.3170       20.4538       20.6174       20.7976       20.9779       21.1361       21.2401
   610.00000     1       20.0000       20.0000       20.0001       20.0002       20.0004       20.0011       20.0024       20.0051       20.0103       20.0200       20.0370       20.0651       20.1094       20.1754       20.2679       20.3896       20.5392       20.7096       20.8871       21.0504       21.1630
   620.00000     1       20.0000       20.0000       20.0000       20.0001       20.0003       20.0008       20.0019       20.0040       20.0082       20.0160       20.0298       20.0529       20.0899       20.1458       20.2256       20.3330       20.4683       20.6271       20.7984       20.9623       21.0797
   630.00000     1       20.0000       20.0000       20.0000       20.0001       20.0003       20.0007       20.0015       20.0032       20.0065       20.0128       20.0240       20.0429       20.0737       20.1208       20.1893       20.2833       20.4046       20.5508       20.7134       20.8742       20.9932
   640.00000     1       20.0000       20.0000       20.0000       20.0001       20.0002       20.0005       20.0012       20.0025       20.0052       20.0102       20.0193       20.0348       20.0603       20.0999       20.1584       20.2401       20.3479       20.4810       20.6332       20.7881       20.9057
   650.00000     1       20.0000       20.0000       20.0000       20.0001       20.0002       20.0004       20.0009       20.0020       20.0041       20.0082       20.0155       20.0282       20.0492       20.0824       20.1321       20.2028       20.2978       20.4179       20.5585       20.7053       20.8193
   660.00000     1       20.0000       20.0000       20.0000       20.0000       20.0001       20.0003       20.0007       20.0016       20.0033       20.0065       20.0124       20.0228       20.0402       20.0678       20.1099       20.1707       20.2540       20.3612       20.4897       20.6270       20.7357
   670.00000     1       20.0000       20.0000       20.0000       20.0000       20.0001       20.0002       20.0006       20.0012       20.0026       20.0052       20.0100       20.0184       20.0327       20.0558       20.0912       20.1433       20.2157       20.3109       20.4272       20.5539       20.6561
   680.00000     1       20.0000       20.0000       20.0000       20.0000       20.0001       20.0002       20.0005       20.0010       20.0021       20.0041       20.0080       20.0149       20.0266       20.0457       20.0756       20.1199       20.1826       20.2664       20.3708       20.4866       20.5814
   690.00000     1       20.0000       20.0000       20.0000       20.0000       20.0001       20.0002       20.0004       20.0008       20.0016       20.0033       20.0064       20.0120       20.0216       20.0375       20.0625       20.1001       20.1541       20.2275       20.3203       20.4252       20.5121
   700.00000     1       20.0000       20.0000       20.0000       20.0000       20.0000       20.0001       20.0003       20.0006       20.0013       20.0026       20.0052       20.0097       20.0176       20.0307       20.0515       20.0834       20.1297       20.1935       20.2756       20.3696       20.4486
   710.00000     1       20.0000       20.0000       20.0000       20.0000       20.0000       20.0001       20.0002       20.0005       20.0010       20.0021       20.0041       20.0078       20.0143       20.0251       20.0425       20.0693       20.1088       20.1641       20.2362       20.3199       20.3910
   720.00000     1       20.0000       20.0000       20.0000       20.0000       20.0000       20.0001       20.0002       20.0004       20.0008       20.0017       20.0033       20.0063       20.0116       20.0204       20.0349       20.0575       20.0911       20.1387       20.2016       20.2756       20.3391
   730.00000     1       20.0000       20.0000       20.0000       20.0000       20.0000       20.0001       20.0001       20.0003       20.0007       20.0013       20.0027       20.0051       20.0094       20.0167       20.0287       20.0476       20.0761       20.1169       20.1715       20.2365       20.2928
   740.00000     1       20.0000       20.0000       20.0000       20.0000       20.0000       20.0000       20.0001       20.0002       20.0005       20.0011       20.0021       20.0041       20.0076       20.0136       20.0235       20.0393       20.0634       20.0983       20.1455       20.2022       20.2518
   750.00000     1       20.0000       20.0000       20.0000       20.0000       20.0000       20.0000       20.0001       20.0002       20.0004       20.0009       20.0017       20.0033       20.0061       20.0110       20.0193       20.0324       20.0527       20.0824       20.1230       20.1723       20.2157
   760.00000     1       20.0000       20.0000       20.0000       20.0000       20.0000       20.0000       20.0001       20.0002       20.0003       20.0007       20.0014       20.0026       20.0050       20.0090       20.0158       20.0267       20.0437       20.0689       20.1037       20.1463       20.1841
   770.00000     1       20.0000       20.0000       20.0000       20.0000       20.0000       20.0000       20.0001       20.0001       20.0003       20.0005       20.0011       20.0021       20.0040       20.0073       20.0129       20.0220       20.0362       20.0575       20.0872       20.1239       20.1566
   780.00000     1       20.0000       20.0000       20.0000       20.0000       20.0000       20.0000       20.0000       20.0001       20.0002       20.0004       20.0009       20.0017       20.0032       20.0059       20.0105       20.0181       20.0300       20.0479       20.0731       20.1045       20.1328
   790.00000     1       20.0000       20.0000       20.0000       20.0000       20.0000       20.0000       20.0000       20.0001       20.0002       20.0003       20.0007       20.0014       20.0026       20.0048       20.0086       20.0148       20.0248       20.0398       20.0612       20.0880       20.1122
   800.00000     1       20.0000       20.0000       20.0000       20.0000       20.0000       20.0000       20.0000       20.0001       20.0001       20.0003       20.0006       20.0011       20.0021       20.0039       20.0070       20.0121       20.0204       20.0330       20.0511       20.0739       20.0946
   810.00000     1       20.0000       20.0000       20.0000       20.0000       20.0000       20.0000       20.0000       20.0000       20.0001       20.0002       20.0004       20.0009       20.0017       20.0032       20.0057       20.0099       20.0168       20.0274       20.0426       20.0619       20.0796
   820.00000     1       20.0000       20.0000       20.0000       20.0000       20.0000       20.0000       20.0000       20.0000       20.0001       20.0002       20.0004       20.0007       20.0014       20.0026       20.0046       20.0081       20.0138       20.0226       20.0354       20.0518       20.0667
   830.00000     1       20.0000       20.0000       20.0000       20.0000       20.0000       20.0000       20.0000       20.0000       20.0001       20.0001       20.0003       20.0006       20.0011       20.0021       20.0038       20.0066       20.0113       20.0187       20.0294       20.0432       20.0558
   840.00000     1       20.0000       20.0000       20.0000       20.0000       20.0000       20.0000       20.0000       20.0000       20.0001       20.0001       20.0002       20.0005       20.0009       20.0017       20.0031       20.0054       20.0093       20.0154       20.0244       20.0359       20.0466
   850.00000     1       20.0000       20.0000       20.0000       20.0000       20.0000       20.0000       20.0000       20.0000       20.0000       20.0001       20.0002       20.0004       20.0007       20.0014       20.0025       20.0044       20.0076       20.0127       20.0202       20.0299       20.0389
   860.00000     1       20.0000       20.0000       20.0000       20.0000       20.0000       20.0000       20.0000       20.0000       20.0000       20.0001       20.0001       20.0003       20.0006       20.0011       20.0020       20.0036       20.0062       20.0104       20.0167       20.0248       20.0323
   870.00000     1       20.0000       20.0000       20.0000       20.0000       20.0000       20.0000       20.0000       20.0000       20.0000       20.0001       20.0001       20.0002       20.0005       20.0009       20.0016       20.0029       20.0051       20.0086       20.0137       20.0205       20.0268
   880.00000     1       20.0000       20.0000       20.0000       20.0000       20.0000       20.0000       20.0000       20.0000       20.0000       20.0000       20.0001       20.0002       20.0004       20.0007       20.0013       20.0024       20.0042       20.0070       20.0113       20.0170       20.0222
   890.00000     1       20.0000       20.0000       20.0000       20.0000       20.0000       20.0000       20.0000       20.0000       20.0000       20.0000       20.0001       20.0002       20.0003       20.0006       20.0011       20.0019       20.0034       20.0058       20.0093       20.0140       20.0184
   900.00000     1       20.0000       20.0000       20.0000       20.0000       20.0000       20.0000       20.0000       20.0000       20.0000       20.0000       20.0001       20.0001       20.0002       20.0005       20.0009       20.0016       20.0028       20.0047       20.0077       20.0115       20.0152
   910.00000     1       20.0000       20.0000       20.0000       20.0000       20.0000       20.0000       20.0000       20.0000       20.0000       20.0000       20.0001       20.0001       20.0002       20.0004       20.0007       20.0013       20.0023       20.0039       20.0063       20.0095       20.0125
   920.00000     1       20.0000       20.0000       20.0000       20.0000       20.0000       20.0000       20.0000       20.0000       20.0000       20.0000       20.0000       20.0001       20.0002       20.0003       20.0006       20.0010       20.0018       20.0032       20.0051       20.0078       20.0103
   930.00000     1       20.0000       20.0000       20.0000       20.0000       20.0000       20.0000       20.0000       20.0000       20.0000       20.0000       20.0000       20.0001       20.0001       20.0002       20.0005       20.0008       20.0015       20.0026       20.0042       20.0064       20.0085
   940.00000     1       20.0000       20.0000       20.0000       20.0000       20.0000       20.0000       20.0000       20.0000       20.0000       20.0000       20.0000       20.0001       20.0001       20.0002       20.0004       20.0007       20.0012       20.0021       20.0035       20.0053       20.0070
   950.00000     1       20.0000       20.0000       20.0000       20.0000       20.0000       20.0000       20.0000       20.0000       20.0000       20.0000       20.0000       20.0000       20.0001       20.0002       20.0003       20.0006       20.0010       20.0017       20.0028       20.0043       20.0057
   960.00000     1       20.0000       20.0000       20.0000       20.0000       20.0000       20.0000       20.0000       20.0000       20.0000       20.0000       20.0000       20.0000       20.0001       20.0001       20.0002       20.0004       20.0008       20.0014       20.0023       20.0035       20.0047
   970.00000     1       20.0000       20.0000       20.0000       20.0000       20.0000       20.0000       20.0000       20.0000       20.0000       20.0000       20.0000       20.0000       20.0001       20.0001       20.0002       20.0004       20.0007       20.0011       20.0019       20.0029       20.0039
   980.00000     1       20.0000       20.0000       20.0000       20.0000       20.0000       20.0000       20.0000       20.0000       20.0000       20.0000       20.0000       20.0000       20.0000       20.0001       20.0002       20.0003       20.0005       20.0009       20.0015       20.0024       20.0032
   990.00000     1       20.0000       20.0000       20.0000       20.0000       20.0000       20.0000       20.0000       20.0000       20.0000       20.0000       20.0000       20.0000       20.0000       20.0001       20.0001       20.0002       20.0004       20.0008       20.0012       20.0019       20.0026
  1000.00000     1       20.0000       20.0000       20.0000       20.0000       20.0000       20.0000       20.0000       20.0000       20.0000       20.0000       20.0000       20.0000       20.0000       20.0001       20.0001       20.0002       20.0004       20.0006       20.0010       20.0016       20.0021
  1010.00000     1       20.0000       20.0000       20.0000       20.0000       20.0000       20.0000       20.0000       20.0000       20.0000       20.0000       20.0000       20.0000       20.0000       20.0000       20.0001       20.0002       20.0003       20.0005       20.0008       20.0013       20.0017
  1020.00000     1       20.0000       20.0000       20.0000       20.0000       20.0000       20.0000       20.0000       20.0000       20.0000       20.0000       20.0000       20.0000       20.0000       20.0000       20.0001       20.0001       20.0002       20.0004       20.0007       20.0010       20.0014
  1030.00000     1       20.0000       20.0000       20.0000       20.0000       20.0000       20.0000       20.0000       20.0000       20.0000       20.0000       20.0000       20.0000       20.0000       20.0000       20.0001       20.0001       20.0002       20.0003       20.0006       20.0009       20.0011
  1040.00000     1       20.0000       20.0000       20.0000       20.0000       20.0000       20.0000       20.0000       20.0000       20.0000       20.0000       20.0000       20.0000       20.0000       20.0000       20.0000       20.0001       20.0002       20.0003       20.0004       20.0007       20.0009
  1050.00000     1       20.0000       20.0000       20.0000       20.0000       20.0000       20.0000       20.0000       20.0000       20.0000       20.0000       20.0000       20.0000       20.0000       20.0000       20.0000       20.0001       20.0001       20.0002       20.0004       20.0006       20.0008
  1060.00000     1       20.0000       20.0000       20.0000       20.0000       20.0000       20.0000       20.0000       20.0000       20.0000       20.0000       20.0000       20.0000       20.0000       20.0000       20.0000       20.0001       20.0001       20.0002       20.0003       20.0005       20.0006
  1070.00000     1       20.0000       20.0000       20.0000       20.0000       20.0000       20.0000       20.0000       20.0000       20.0000       20.0000       20.0000       20.0000       20.0000       20.0000       20.0000       20.0000       20.0001       20.0001       20.0002       20.0004       20.0005
  1080.00000     1       20.0000       20.0000       20.0000       20.0000       20.0000       20.0000       20.0000       20.0000       20.0000       20.0000       20.0000       20.0000       20.0000       20.0000       20.0000       20.0000       20.0001       20.0001       20.0002       20.0003       20.0004
  1090.00000     1       20.0000       20.0000       20.0000       20.0000       20.0000       20.0000       20.0000       20.0000       20.0000       20.0000       20.0000       20.0000       20.0000       20.0000       20.0000       20.0000       20.0001       20.0001       20.0002       20.0003       20.0003
  1100.00000     1       20.0000       20.0000       20.0000       20.0000       20.0000       20.0000       20.0000       20.0000       20.0000       20.0000       20.0000       20.0000       20.0000       20.0000       20.0000       20.0000       20.0000       20.0001       20.0001       20.0002       20.0003
  1110.00000     1       20.0000       20.0000       20.0000       20.0000       20.0000       20.0000       20.0000       20.0000       20.0000       20.0000       20.0000       20.0000       20.0000       20.0000       20.0000       20.0000       20.0000       20.0001       20.0001       20.0002       20.0002
  1120.00000     1       20.0000       20.0000       20.0000       20.0000       20.0000       20.0000       20.0000       20.0000       20.0000       20.0000       20.0000       20.0000       20.0000       20.0000       20.0000       20.0000       20.0000       20.0001       20.0001       20.0001       20.0002
  1130.00000     1       20.0000       20.0000       20.0000       20.0000       20.0000       20.0000       20.0000       20.0000       20.0000       20.0000       20.0000       20.0000       20.0000       20.0000       20.0000       20.0000       20.0000       20.0000       20.0001       20.0001       20.0002
  1140.00000     1       20.0000       20.0000       20.0000       20.0000       20.0000       20.0000       20.0000       20.0000       20.0000       20.0000       20.0000       20.0000       20.0000       20.0000       20.0000       20.0000       20.0000       20.0000       20.0001       20.0001       20.0001
  1150.00000     1       20.0000       20.0000       20.0000       20.0000       20.0000       20.0000       20.0000       20.0000       20.0000       20.0000       20.0000       20.0000       20.0000       20.0000       20.0000       20.0000       20.0000       20.0000       20.0001       20.0001       20.0001
  1160.00000     1       20.0000       20.0000       20.0000       20.0000       20.0000       20.0000       20.0000       20.0000       20.0000       20.0000       20.0000       20.0000       20.0000       20.0000       20.0000       20.0000       20.0000       20.0000       20.0000       20.0001       20.0001
  1170.00000     1       20.0000       20.0000       20.0000       20.0000       20.0000       20.0000       20.0000       20.0000       20.0000       20.0000       20.0000       20.0000       20.0000       20.0000       20.0000       20.0000       20.0000       20.0000       20.0000       20.0001       20.0001
  1180.00000     1       20.0000       20.0000       20.0000       20.0000       20.0000       20.0000       20.0000       20.0000       20.0000       20.0000       20.0000       20.0000       20.0000       20.0000       20.0000       20.0000       20.0000       20.0000       20.0000       20.0000       20.0001
  1190.00000     1       20.0000       20.0000       20.0000       20.0000       20.0000       20.0000       20.0000       20.0000       20.0000       20.0000       20.0000       20.0000       20.0000       20.0000       20.0000       20.0000       20.0000       20.0000       20.0000       20.0000       20.0000
  1200.00000     1       20.0000       20.0000       20.0000       20.0000       20.0000       20.0000       20.0000       20.0000       20.0000       20.0000       20.0000       20.0000       20.0000       20.0000       20.0000       20.0000       20.0000       20.0000       20.0000       20.0000       20.0000
  1210.00000     1       20.0000       20.0000       20.0000       20.0000       20.0000       20.0000       20.0000       20.0000       20.0000       20.0000       20.0000       20.0000       20.0000       20.0000       20.0000       20.0000       20.0000       20.0000       20.0000       20.0000       20.0000
  1220.00000     1       20.0000       20.0000       20.0000       20.0000       20.0000       20.0000       20.0000       20.0000       20.0000       20.0000       20.0000       20.0000       20.0000       20.0000       20.0000       20.0000       20.0000       20.0000       20.0000       20.0000       20.0000
  1230.00000     1       20.0000       20.0000       20.0000       20.0000       20.0000       20.0000       20.0000       20.0000       20.0000       20.0000       20.0000       20.0000       20.0000       20.0000       20.0000       20.0000       20.0000       20.0000       20.0000       20.0000       20.0000
  1240.00000     1       20.0000       20.0000       20.0000       20.0000       20.0000       20.0000       20.0000       20.0000       20.0000       20.0000       20.0000       20.0000       20.0000       20.0000       20.0000       20.0000       20.0000       20.0000       20.0000       20.0000       20.0000
  1250.00000     1       20.0000       20.0000       20.0000       20.0000       20.0000       20.0000       20.0000       20.0000       20.0000       20.0000       20.0000       20.0000       20.0000       20.0000       20.0000       20.0000       20.0000       20.0000       20.0000       20.0000       20.0000
  1260.00000     1       20.0000       20.0000       20.0000       20.0000       20.0000       20.0000       20.0000       20.0000       20.0000       20.0000       20.0000       20.0000       20.0000       20.0000       20.0000       20.0000       20.0000       20.0000       20.0000       20.0000       20.0000
  1270.00000     1       20.0000       20.0000       20.0000       20.0000       20.0000       20.0000       20.0000       20.0000       20.0000       20.0000       20.0000       20.0000       20.0000       20.0000       20.0000       20.0000       20.0000       20.0000       20.0000       20.0000       20.0000
  1280.00000     1       20.0000       20.0000       20.0000       20.0000       20.0000       20.0000       20.0000       20.0000       20.0000       20.0000       20.0000       20.0000       20.0000       20.0000       20.0000       20.0000       20.0000       20.0000       20.0000       20.0000       20.0000
  1290.00000     1       20.0000       20.0000       20.0000       20.0000       20.0000       20.0000       20.0000       20.0000       20.0000       20.0000       20.0000       20.0000       20.0000       20.0000       20.0000       20.0000       20.0000       20.0000       20.0000       20.0000       20.0000
  1300.00000     1       20.0000       20.0000       20.0000       20.0000       20.0000       20.0000       20.0000       20.0000       20.0000       20.0000       20.0000       20.0000       20.0000       20.0000       20.0000       20.0000       20.0000       20.0000       20.0000       20.0000       20.0000
  1310.00000     1       20.0000       20.0000       20.0000       20.0000       20.0000       20.0000       20.0000       20.0000       20.0000       20.0000       20.0000       20.0000       20.0000       20.0000       20.0000       20.0000       20.0000       20.0000       20.0000       20.0000       20.0000
  1320.00000     1       20.0000       20.0000       20.0000       20.0000       20.0000       20.0000       20.0000       20.0000       20.0000       20.0000       20.0000       20.0000       20.0000       20.0000       20.0000       20.0000       20.0000       20.0000       20.0000       20.0000       20.0000
  1330.00000     1       20.0000       20.0000       20.0000       20.0000       20.0000       20.0000       20.0000       20.0000       20.0000       20.0000       20.0000       20.0000       20.0000       20.0000       20.0000       20.0000       20.0000       20.0000       20.0000       20.0000       20.0000
  1340.00000     1       20.0000       20.0000       20.0000       20.0000       20.0000       20.0000       20.0000       20.0000       20.0000       20.0000       20.0000       20.0000       20.0000       20.0000       20.0000       20.0000       20.0000       20.0000       20.0000       20.0000       20.0000
  1350.00000     1       20.0000       20.0000       20.0000       20.0000       20.0000       20.0000       20.0000       20.0000       20.0000       20.0000       20.0000       20.0000       20.0000       20.0000       20.0000       20.0000       20.0000       20.0000       20.0000       20.0000       20.0000
  1360.00000     1       20.0000       20.0000       20.0000       20.0000       20.0000       20.0000       20.0000       20.0000       20.0000       20.0000       20.0000       20.0000       20.0000       20.0000       20.0000       20.0000       20.0000       20.0000       20.0000       20.0000       20.0000
  1370.00000     1       20.0000       20.0000       20.0000       20.0000       20.0000       20.0000       20.0000       20.0000       20.0000       20.0000       20.0000       20.0000       20.0000       20.0000       20.0000       20.0000       20.0000       20.0000       20.0000       20.0000       20.0000
  1380.00000     1       20.0000       20.0000       20.0000       20.0000       20.0000       20.0000       20.0000       20.0000       20.0000       20.0000       20.0000       20.0000       20.0000       20.0000       20.0000       20.0000       20.0000       20.0000       20.0000       20.0000       20.0000
  1390.00000     1       20.0000       20.0000       20.0000       20.0000       20.0000       20.0000       20.0000       20.0000       20.0000       20.0000       20.0000       20.0000       20.0000       20.0000       20.0000       20.0000       20.0000       20.0000       20.0000       20.0000       20.0000
  1400.00000     1       20.0000       20.0000       20.0000       20.0000       20.0000       20.0000       20.0000       20.0000       20.0000       20.0000       20.0000       20.0000       20.0000       20.0000       20.0000       20.0000       20.0000       20.0000       20.0000       20.0000       20.0000
  1410.00000     1       20.0000       20.0000       20.0000       20.0000       20.0000       20.0000       20.0000       20.0000       20.0000       20.0000       20.0000       20.0000       20.0000       20.0000       20.0000       20.0000       20.0000       20.0000       20.0000       20.0000       20.0000
  1420.00000     1       20.0000       20.0000       20.0000       20.0000       20.0000       20.0000       20.0000       20.0000       20.0000       20.0000       20.0000       20.0000       20.0000       20.0000       20.0000       20.0000       20.0000       20.0000       20.0000       20.0000       20.0000
  1430.00000     1       20.0000       20.0000       20.0000       20.0000       20.0000       20.0000       20.0000       20.0000       20.0000       20.0000       20.0000       20.0000       20.0000       20.0000       20.0000       20.0000       20.0000       20.0000       20.0000       20.0000       20.0000
  1440.00000     1       20.0000       20.0000       20.0000       20.0000       20.0000       20.0000       20.0000       20.0000       20.0000       20.0000       20.0000       20.0000       20.0000       20.0000       20.0000       20.0000       20.0000       20.0000       20.0000       20.0000       20.0000
