     0.00000     1        4.0000        4.0000        4.0000        4.0000        4.0000        4.0000     -999.0000     -999.0000     -999.0000     -999.0000     -999.0000     -999.0000     -999.0000     -999.0000     -999.0000     -999.0000     -999.0000     -999.0000     -999.0000     -999.0000     -999.0000
     0.00000     2        4.0000        4.0000        4.0000        4.0000        4.0000        4.0000        4.0000        4.0000        4.0000        4.0000        4.0000     -999.0000     -999.0000     -999.0000     -999.0000     -999.0000     -999.0000     -999.0000     -999.0000     -999.0000     -999.0000
     0.00000     3        4.0000        4.0000        4.0000        4.0000        4.0000        4.0000        4.0000        4.0000        4.0000        4.0000        4.0000        4.0000        4.0000        4.0000        4.0000        4.0000        4.0000        4.0000        4.0000        4.0000        4.0000
    60.00000     1        7.5421        7.5053        7.4699        7.4361        7.4036        7.3724     -999.0000     -999.0000     -999.0000     -999.0000     -999.0000     -999.0000     -999.0000     -999.0000     -999.0000     -999.0000     -999.0000     -999.0000     -999.0000     -999.0000     -999.0000
    60.00000     2        7.7499        7.7050        7.6619        7.6203        7.5804        7.5421        7.5053        7.4699        7.4361        7.4036        7.3724     -999.0000     -999.0000     -999.0000     -999.0000     -999.0000     -999.0000     -999.0000     -999.0000     -999.0000     -999.0000
    60.00000     3        7.3724        7.2497        7.1252        6.9986        6.8699        6.7387        6.6048        6.4679        6.3276        6.1834        6.0347        5.8810        5.7214        5.5550        5.3804        5.1959        4.9993        4.7875        4.5559        4.2974        4.0000
   120.00000     1        7.5407        7.5039        7.4687        7.4351        7.4029        7.3720     -999.0000     -999.0000     -999.0000     -999.0000     -999.0000     -999.0000     -999.0000     -999.0000     -999.0000     -999.0000     -999.0000     -999.0000     -999.0000     -999.0000     -999.0000
   120.00000     2        7.7482        7.7033        7.6603        7.6191        7.5795        7.5414        7.5047        7.4695        7.4356        7.4031        7.3720     -999.0000     -999.0000     -999.0000     -999.0000     -999.0000     -999.0000     -999.0000     -999.0000     -999.0000     -999.0000
   120.00000     3        7.3720        7.2495        7.1251        6.9986        6.8699        6.7387        6.6048        6.4679        6.3276        6.1834        6.0347        5.8810        5.7214        5.5550        5.3804        5.1959        4.9993        4.7875        4.5559        4.2974        4.0000
   180.00000     1        7.5731        7.5197        7.4740        7.4343        7.3992        7.3672     -999.0000     -999.0000     -999.0000     -999.0000     -999.0000     -999.0000     -999.0000     -999.0000     -999.0000     -999.0000     -999.0000     -999.0000     -999.0000     -999.0000     -999.0000
   180.00000     2        7.7873        7.7225        7.6667        7.6181        7.5749        7.5355        7.4987        7.4637        7.4303        7.3982        7.3672     -999.0000     -999.0000     -999.0000     -999.0000     -999.0000     -999.0000     -999.0000     -999.0000     -999.0000     -999.0000
   180.00000     3        7.3672        7.2447        7.1209        6.9955        6.8677        6.7374        6.6041        6.4676        6.3275        6.1834        6.0348        5.8810        5.7214        5.5550        5.3804        5.1959        4.9993        4.7875        4.5559        4.2974        4.0000
   240.00000     1        7.5935        7.5555        7.5151        7.4740        7.4342        7.3969     -999.0000     -999.0000     -999.0000     -999.0000     -999.0000     -999.0000     -999.0000     -999.0000     -999.0000     -999.0000     -999.0000     -999.0000     -999.0000     -999.0000     -999.0000
   240.00000     2        7.8135        7.7677        7.7189        7.6692        7.6210        7.5757        7.5340        7.4958        7.4605        7.4277        7.3969     -999.0000     -999.0000     -999.0000     -999.0000     -999.0000     -999.0000     -999.0000     -999.0000     -999.0000     -999.0000
   240.00000     3        7.3969        7.2654        7.1337        7.0017        6.8692        6.7359        6.6012        6.4643        6.3245        6.1811        6.0332        5.8801        5.7209        5.5547        5.3803        5.1959        4.9993        4.7875        4.5559        4.2974        4.0000
   300.00000     1        7.6210        7.5856        7.5505        7.5152        7.4799        7.4449     -999.0000     -999.0000     -999.0000     -999.0000     -999.0000     -999.0000     -999.0000     -999.0000     -999.0000     -999.0000     -999.0000     -999.0000     -999.0000     -999.0000     -999.0000
   300.00000     2        7.8419        7.7994        7.7570        7.7145        7.6717        7.6294        7.5881        7.5488        7.5117        7.4771        7.4449     -999.0000     -999.0000     -999.0000     -999.0000     -999.0000     -999.0000     -999.0000     -999.0000     -999.0000     -999.0000
   300.00000     3        7.4449        7.3125        7.1779        7.0414        6.9029        6.7627        6.6208        6.4772        6.3317        6.1838        6.0328        5.8779        5.7180        5.5518        5.3778        5.1940        4.9980        4.7867        4.5555        4.2973        4.0000
   360.00000     1        7.6485        7.6140        7.5807        7.5481        7.5160        7.4842     -999.0000     -999.0000     -999.0000     -999.0000     -999.0000     -999.0000     -999.0000     -999.0000     -999.0000     -999.0000     -999.0000     -999.0000     -999.0000     -999.0000     -999.0000
   360.00000     2        7.8625        7.8209        7.7805        7.7411        7.7022        7.6636        7.6256        7.5882        7.5520        7.5172        7.4842     -999.0000     -999.0000     -999.0000     -999.0000     -999.0000     -999.0000     -999.0000     -999.0000     -999.0000     -999.0000
   360.00000     3        7.4842        7.3554        7.2240        7.0898        6.9525        6.8123        6.6688        6.5220        6.3719        6.2183        6.0609        5.8994        5.7332        5.5615        5.3830        5.1959        4.9978        4.7855        4.5541        4.2963        4.0000
   420.00000     1        7.6633        7.6292        7.5965        7.5649        7.5342        7.5043     -999.0000     -999.0000     -999.0000     -999.0000     -999.0000     -999.0000     -999.0000     -999.0000     -999.0000     -999.0000     -999.0000     -999.0000     -999.0000     -999.0000     -999.0000
   420.00000     2        7.8691        7.8277        7.7879        7.7494        7.7120        7.6756        7.6398        7.6048        7.5703        7.5368        7.5043     -999.0000     -999.0000     -999.0000     -999.0000     -999.0000     -999.0000     -999.0000     -999.0000     -999.0000     -999.0000
   420.00000     3        7.5043        7.3800        7.2531        7.1233        6.9904        6.8542        6.7143        6.5705        6.4225        6.2700        6.1123        5.9491        5.7798        5.6036        5.4195        5.2261        5.0214        4.8025        4.5648        4.3014        4.0000
   480.00000     1        7.6591        7.6250        7.5923        7.5608        7.5305        7.5012     -999.0000     -999.0000     -999.0000     -999.0000     -999.0000     -999.0000     -999.0000     -999.0000     -999.0000     -999.0000     -999.0000     -999.0000     -999.0000     -999.0000     -999.0000
   480.00000     2        7.8599        7.8183        7.7783        7.7398        7.7027        7.6668        7.6320        7.5981        7.5651        7.5327        7.5012     -999.0000     -999.0000     -999.0000     -999.0000     -999.0000     -999.0000     -999.0000     -999.0000     -999.0000     -999.0000
   480.00000     3        7.5012        7.3803        7.2570        7.1310        7.0022        6.8701        6.7345        6.5949        6.4511        6.3024        6.1484        5.9882        5.8212        5.6462        5.4620        5.2671        5.0590        4.8347        4.5894        4.3156        4.0000
   540.00000     1        7.6390        7.6045        7.5713        7.5395        7.5090        7.4797     -999.0000     -999.0000     -999.0000     -999.0000     -999.0000     -999.0000     -999.0000     -999.0000     -999.0000     -999.0000     -999.0000     -999.0000     -999.0000     -999.0000     -999.0000
   540.00000     2        7.8386        7.7965        7.7559        7.7169        7.6794        7.6433        7.6085        7.5748        7.5422        7.5105        7.4797     -999.0000     -999.0000     -999.0000     -999.0000     -999.0000     -999.0000     -999.0000     -999.0000     -999.0000     -999.0000
   540.00000     3        7.4797        7.3602        7.2387        7.1148        6.9883        6.8588        6.7260        6.5896        6.4489        6.3036        6.1530        5.9963        5.8325        5.6605        5.4790        5.2859        5.0788        4.8539        4.6060        4.3265        4.0000
   600.00000     1        7.6127        7.5775        7.5438        7.5115        7.4805        7.4507     -999.0000     -999.0000     -999.0000     -999.0000     -999.0000     -999.0000     -999.0000     -999.0000     -999.0000     -999.0000     -999.0000     -999.0000     -999.0000     -999.0000     -999.0000
   600.00000     2        7.8135        7.7705        7.7292        7.6896        7.6514        7.6148        7.5795        7.5456        7.5129        7.4813        7.4507     -999.0000     -999.0000     -999.0000     -999.0000     -999.0000     -999.0000     -999.0000     -999.0000     -999.0000     -999.0000
   600.00000     3        7.4507        7.3313        7.2100        7.0866        6.9608        6.8322        6.7007        6.5656        6.4267        6.2834        6.1349        5.9805        5.8193        5.6500        5.4712        5.2809        5.0762        4.8536        4.6073        4.3282        4.0000
   660.00000     1        7.5882        7.5525        7.5183        7.4854        7.4539        7.4237     -999.0000     -999.0000     -999.0000     -999.0000     -999.0000     -999.0000     -999.0000     -999.0000     -999.0000     -999.0000     -999.0000     -999.0000     -999.0000     -999.0000     -999.0000
   660.00000     2        7.7910        7.7474        7.7055        7.6651        7.6264        7.5892        7.5534        7.5191        7.4861        7.4543        7.4237     -999.0000     -999.0000     -999.0000     -999.0000     -999.0000     -999.0000     -999.0000     -999.0000     -999.0000     -999.0000
   660.00000     3        7.4237        7.3036        7.1817        7.0578        6.9316        6.8029        6.6714        6.5366        6.3981        6.2555        6.1080        5.9548        5.7951        5.6276        5.4509        5.2630        5.0611        4.8415        4.5986        4.3235        4.0000
   720.00000     1        7.5695        7.5334        7.4987        7.4655        7.4336        7.4030     -999.0000     -999.0000     -999.0000     -999.0000     -999.0000     -999.0000     -999.0000     -999.0000     -999.0000     -999.0000     -999.0000     -999.0000     -999.0000     -999.0000     -999.0000
   720.00000     2        7.7742        7.7301        7.6877        7.6468        7.6076        7.5699        7.5338        7.4991        7.4658        7.4338        7.4030     -999.0000     -999.0000     -999.0000     -999.0000     -999.0000     -999.0000     -999.0000     -999.0000     -999.0000     -999.0000
   720.00000     3        7.4030        7.2820        7.1593        7.0346        6.9077        6.7784        6.6463        6.5111        6.3724        6.2297        6.0822        5.9294        5.7703        5.6038        5.4284        5.2421        5.0425        4.8258        4.5866        4.3164        4.0000
   780.00000     1        7.5571        7.5207        7.4857        7.4522        7.4200        7.3892     -999.0000     -999.0000     -999.0000     -999.0000     -999.0000     -999.0000     -999.0000     -999.0000     -999.0000     -999.0000     -999.0000     -999.0000     -999.0000     -999.0000     -999.0000
   780.00000     2        7.7631        7.7187        7.6759        7.6348        7.5953        7.5573        7.5208        7.4858        7.4523        7.4201        7.3892     -999.0000     -999.0000     -999.0000     -999.0000     -999.0000     -999.0000     -999.0000     -999.0000     -999.0000     -999.0000
   780.00000     3        7.3892        7.2675        7.1440        7.0186        6.8910        6.7610        6.6283        6.4926        6.3534        6.2103        6.0626        5.9096        5.7506        5.5844        5.4096        5.2244        5.0262        4.8116        4.5755        4.3097        4.0000
   840.00000     1        7.5497        7.5131        7.4779        7.4442        7.4119        7.3810     -999.0000     -999.0000     -999.0000     -999.0000     -999.0000     -999.0000     -999.0000     -999.0000     -999.0000     -999.0000     -999.0000     -999.0000     -999.0000     -999.0000     -999.0000
   840.00000     2        7.7566        7.7120        7.6690        7.6277        7.5879        7.5498        7.5131        7.4780        7.4443        7.4120        7.3810     -999.0000     -999.0000     -999.0000     -999.0000     -999.0000     -999.0000     -999.0000     -999.0000     -999.0000     -999.0000
   840.00000     3        7.3810        7.2588        7.1348        7.0089        6.8808        6.7503        6.6171        6.4809        6.3412        6.1977        6.0496        5.8964        5.7373        5.5711        5.3966        5.2118        5.0144        4.8012        4.5671        4.3045        4.0000
   900.00000     1        7.5457        7.5090        7.4737        7.4399        7.4075        7.3765     -999.0000     -999.0000     -999.0000     -999.0000     -999.0000     -999.0000     -999.0000     -999.0000     -999.0000     -999.0000     -999.0000     -999.0000     -999.0000     -999.0000     -999.0000
   900.00000     2        7.7531        7.7083        7.6652        7.6238        7.5840        7.5457        7.5090        7.4737        7.4400        7.4075        7.3765     -999.0000     -999.0000     -999.0000     -999.0000     -999.0000     -999.0000     -999.0000     -999.0000     -999.0000     -999.0000
   900.00000     3        7.3765        7.2540        7.1298        7.0035        6.8751        6.7443        6.6108        6.4742        6.3343        6.1904        6.0421        5.8887        5.7294        5.5631        5.3886        5.2040        5.0071        4.7946        4.5618        4.3012        4.0000
   960.00000     1        7.5437        7.5069        7.4716        7.4378        7.4053        7.3742     -999.0000     -999.0000     -999.0000     -999.0000     -999.0000     -999.0000     -999.0000     -999.0000     -999.0000     -999.0000     -999.0000     -999.0000     -999.0000     -999.0000     -999.0000
   960.00000     2        7.7513        7.7065        7.6634        7.6219        7.5820        7.5437        7.5069        7.4716        7.4378        7.4053        7.3742     -999.0000     -999.0000     -999.0000     -999.0000     -999.0000     -999.0000     -999.0000     -999.0000     -999.0000     -999.0000
   960.00000     3        7.3742        7.2516        7.1272        7.0008        6.8722        6.7412        6.6075        6.4708        6.3306        6.1866        6.0381        5.8846        5.7251        5.5588        5.3842        5.1997        5.0030        4.7909        4.5587        4.2993        4.0000
  1020.00000     1        7.5427        7.5059        7.4706        7.4368        7.4043        7.3732     -999.0000     -999.0000     -999.0000     -999.0000     -999.0000     -999.0000     -999.0000     -999.0000     -999.0000     -999.0000     -999.0000     -999.0000     -999.0000     -999.0000     -999.0000
  1020.00000     2        7.7505        7.7056        7.6625        7.6210        7.5811        7.5427        7.5059        7.4706        7.4368        7.4043        7.3732     -999.0000     -999.0000     -999.0000     -999.0000     -999.0000     -999.0000     -999.0000     -999.0000     -999.0000     -999.0000
  1020.00000     3        7.3732        7.2505        7.1260        6.9995        6.8709        6.7398        6.6060        6.4692        6.3289        6.1848        6.0362        5.8825        5.7230        5.5566        5.3821        5.1976        5.0009        4.7890        4.5572        4.2982        4.0000
  1080.00000     1        7.5423        7.5055        7.4702        7.4363        7.4038        7.3727     -999.0000     -999.0000     -999.0000     -999.0000     -999.0000     -999.0000     -999.0000     -999.0000     -999.0000     -999.0000     -999.0000     -999.0000     -999.0000     -999.0000     -999.0000
  1080.00000     2        7.7501        7.7053        7.6621        7.6206        7.5807        7.5423        7.5055        7.4702        7.4363        7.4038        7.3727     -999.0000     -999.0000     -999.0000     -999.0000     -999.0000     -999.0000     -999.0000     -999.0000     -999.0000     -999.0000
  1080.00000     3        7.3727        7.2500        7.1255        6.9990        6.8703        6.7391        6.6053        6.4684        6.3281        6.1839        6.0353        5.8816        5.7221        5.5556        5.3811        5.1966        5.0000        4.7881        4.5564        4.2978        4.0000
  1140.00000     1        7.5422        7.5053        7.4700        7.4362        7.4037        7.3725     -999.0000     -999.0000     -999.0000     -999.0000     -999.0000     -999.0000     -999.0000     -999.0000     -999.0000     -999.0000     -999.0000     -999.0000     -999.0000     -999.0000     -999.0000
  1140.00000     2        7.7500        7.7051        7.6620        7.6204        7.5805        7.5422        7.5053        7.4700        7.4362        7.4037        7.3725     -999.0000     -999.0000     -999.0000     -999.0000     -999.0000     -999.0000     -999.0000     -999.0000     -999.0000     -999.0000
  1140.00000     3        7.3725        7.2498        7.1253        6.9987        6.8700        6.7388        6.6050        6.4681        6.3278        6.1836        6.0349        5.8812        5.7216        5.5552        5.3806        5.1961        4.9995        4.7877        4.5561        4.2975        4.0000
  1200.00000     1        7.5421        7.5053        7.4700        7.4361        7.4036        7.3725     -999.0000     -999.0000     -999.0000     -999.0000     -999.0000     -999.0000     -999.0000     -999.0000     -999.0000     -999.0000     -999.0000     -999.0000     -999.0000     -999.0000     -999.0000
  1200.00000     2        7.7500        7.7051        7.6619        7.6204        7.5805        7.5421        7.5053        7.4700        7.4361        7.4036        7.3725     -999.0000     -999.0000     -999.0000     -999.0000     -999.0000     -999.0000     -999.0000     -999.0000     -999.0000     -999.0000
  1200.00000     3        7.3725        7.2498        7.1252        6.9987        6.8699        6.7388        6.6049        6.4680        6.3277        6.1834        6.0348        5.8811        5.7215        5.5550        5.3804        5.1959        4.9993        4.7876        4.5559        4.2974        4.0000
  1260.00000     1        7.5422        7.5053        7.4700        7.4361        7.4037        7.3725     -999.0000     -999.0000     -999.0000     -999.0000     -999.0000     -999.0000     -999.0000     -999.0000     -999.0000     -999.0000     -999.0000     -999.0000     -999.0000     -999.0000     -999.0000
  1260.00000     2        7.7500        7.7052        7.6620        7.6204        7.5805        7.5422        7.5054        7.4700        7.4362        7.4037        7.3725     -999.0000     -999.0000     -999.0000     -999.0000     -999.0000     -999.0000     -999.0000     -999.0000     -999.0000     -999.0000
  1260.00000     3        7.3725        7.2498        7.1252        6.9987        6.8699        6.7388        6.6049        6.4680        6.3276        6.1834        6.0348        5.8810        5.7214        5.5550        5.3804        5.1959        4.9993        4.7875        4.5559        4.2974        4.0000
  1320.00000     1        7.5422        7.5054        7.4701        7.4362        7.4038        7.3726     -999.0000     -999.0000     -999.0000     -999.0000     -999.0000     -999.0000     -999.0000     -999.0000     -999.0000     -999.0000     -999.0000     -999.0000     -999.0000     -999.0000     -999.0000
  1320.00000     2        7.7501        7.7052        7.6621        7.6205        7.5806        7.5423        7.5054        7.4701        7.4362        7.4038        7.3726     -999.0000     -999.0000     -999.0000     -999.0000     -999.0000     -999.0000     -999.0000     -999.0000     -999.0000     -999.0000
  1320.00000     3        7.3726        7.2499        7.1253        6.9988        6.8700        6.7388        6.6049        6.4680        6.3277        6.1835        6.0348        5.8811        5.7215        5.5550        5.3804        5.1959        4.9993        4.7875        4.5559        4.2974        4.0000
  1380.00000     1        7.5422        7.5054        7.4701        7.4362        7.4038        7.3726     -999.0000     -999.0000     -999.0000     -999.0000     -999.0000     -999.0000     -999.0000     -999.0000     -999.0000     -999.0000     -999.0000     -999.0000     -999.0000     -999.0000     -999.0000
  1380.00000     2        7.7501        7.7052        7.6620        7.6205        7.5806        7.5422        7.5054        7.4701        7.4362        7.4038        7.3726     -999.0000     -999.0000     -999.0000     -999.0000     -999.0000     -999.0000     -999.0000     -999.0000     -999.0000     -999.0000
  1380.00000     3        7.3726        7.2499        7.1254        6.9988        6.8701        6.7389        6.6050        6.4681        6.3278        6.1835        6.0349        5.8811        5.7215        5.5550        5.3804        5.1959        4.9993        4.7875        4.5559        4.2974        4.0000
  1440.00000     1        7.5422        7.5054        7.4701        7.4362        7.4037        7.3726     -999.0000     -999.0000     -999.0000     -999.0000     -999.0000     -999.0000     -999.0000     -999.0000     -999.0000     -999.0000     -999.0000     -999.0000     -999.0000     -999.0000     -999.0000
  1440.00000     2        7.7500        7.7052        7.6620        7.6205        7.5805        7.5422        7.5054        7.4701        7.4362        7.4037        7.3726     -999.0000     -999.0000     -999.0000     -999.0000     -999.0000     -999.0000     -999.0000     -999.0000     -999.0000     -999.0000
  1440.00000     3        7.3726        7.2499        7.1253        6.9988        6.8701        6.7389        6.6050        6.4681        6.3278        6.1836        6.0349        5.8812        5.7216        5.5551        5.3805        5.1960        4.9994        4.7876        4.5559        4.2974        4.0000
